Gene                  p_val  avg_logFC pct.1 pct.2     p_val_adj
Ednrb          0.000000e+00  1.7989418 0.861 0.067  0.000000e+00
Fibin          0.000000e+00  1.7842538 0.897 0.113  0.000000e+00
Chst1          0.000000e+00  1.7215010 0.786 0.043  0.000000e+00
Apln           0.000000e+00  1.5298134 0.663 0.056  0.000000e+00
AW112010       0.000000e+00  1.5022440 0.954 0.221  0.000000e+00
Tbx2           0.000000e+00  1.3704035 0.603 0.049  0.000000e+00
Emp2           0.000000e+00  1.3040643 0.997 0.365  0.000000e+00
Igfbp7         0.000000e+00  0.8189607 1.000 0.749  0.000000e+00
Car4          1.584434e-307  0.9460061 0.997 0.609 1.770447e-303
Rprml         1.245022e-302  1.3595036 0.585 0.044 1.391187e-298
Ifitm3        8.406752e-300 -0.7211295 0.862 0.998 9.393705e-296
Ptp4a3        4.544786e-294  1.2077385 0.951 0.313 5.078344e-290
Ccdc184       5.404122e-291  1.3586677 0.540 0.035 6.038566e-287
Enho          1.380093e-284  1.3294805 0.718 0.103 1.542116e-280
Pmp22         8.257934e-274  0.9748084 0.995 0.499 9.227415e-270
Plvap         1.989361e-253 -1.2774987 0.456 0.923 2.222912e-249
C1qtnf2       1.693391e-240  1.2118133 0.544 0.057 1.892195e-236
Cdkn2b        1.786148e-237  1.1880077 0.457 0.032 1.995842e-233
Sirpa         1.697865e-229  1.1416052 0.418 0.024 1.897194e-225
Sept4         1.015944e-227  0.9698462 0.957 0.411 1.135216e-223
Ccdc68        2.425381e-217  1.1385950 0.514 0.057 2.710121e-213
Tmeff2        2.617176e-216  1.1192999 0.418 0.028 2.924433e-212
Tm4sf1        9.911707e-211 -1.0318401 0.513 0.910 1.107534e-206
Gpihbp1       2.986108e-207 -0.9931880 0.535 0.910 3.336677e-203
Serpine1      8.252110e-207  1.1697489 0.440 0.038 9.220908e-203
Meox1         8.402289e-204  1.1480543 0.524 0.068 9.388718e-200
Kitl          2.727196e-198  1.0845087 0.748 0.180 3.047368e-194
Rasgrp2       1.000592e-197  1.1003293 0.701 0.152 1.118062e-193
Frrs1         1.751706e-196  1.0813965 0.394 0.029 1.957356e-192
Prx           8.468154e-195  1.0014568 0.872 0.278 9.462315e-191
Cd93          1.051407e-190 -1.5418059 0.161 0.786 1.174842e-186
Nhlrc2        2.796300e-190  1.0478465 0.756 0.184 3.124586e-186
Tbx3os1       1.062000e-186  1.0450132 0.359 0.023 1.186679e-182
Tmsb10        1.817693e-185 -1.1061493 0.402 0.843 2.031091e-181
Rgs12         5.714729e-181  1.0331173 0.772 0.213 6.385638e-177
Tmsb4x        7.590313e-179 -0.3154835 0.976 0.999 8.481415e-175
Kdr           1.231241e-177  0.8941708 0.929 0.375 1.375789e-173
Itgb5         6.365691e-176  0.9661185 0.316 0.016 7.113024e-172
Pltp          5.600567e-173 -0.5726555 0.799 0.946 6.258073e-169
Mgll          2.544398e-171  1.0075030 0.729 0.194 2.843110e-167
Clu           5.954691e-169  0.8650704 0.916 0.404 6.653771e-165
Cd34          2.931754e-164  0.8429585 0.929 0.411 3.275942e-160
Lmntd1        2.022687e-162  0.9376095 0.296 0.016 2.260151e-158
Tppp3         3.814843e-159  0.9346540 0.812 0.279 4.262706e-155
Foxp1         1.179627e-155 -1.0534410 0.359 0.806 1.318115e-151
Gprc5a        1.311595e-155  0.9303331 0.309 0.021 1.465576e-151
Grina         2.551027e-155  0.9849159 0.647 0.159 2.850518e-151
Adamtsl5      2.235354e-154  0.9182915 0.323 0.025 2.497784e-150
Phlda3        5.913658e-154  0.8852218 0.856 0.333 6.607921e-150
Endou         1.223136e-153  0.9876509 0.427 0.058 1.366732e-149
Egflam        1.692692e-149  0.8515108 0.255 0.010 1.891413e-145
Lmo7          1.185774e-148  0.9694682 0.511 0.094 1.324984e-144
Mgst3         9.702410e-145  0.9161413 0.718 0.215 1.084147e-140
Clec14a       1.944766e-143 -0.5321106 0.788 0.933 2.173082e-139
Rps27         3.811478e-141 -0.2770336 0.976 0.984 4.258946e-137
Sema3c        4.692950e-137 -1.0498781 0.392 0.780 5.243902e-133
Tbx3          9.873522e-137  0.8110953 0.864 0.360 1.103267e-132
Bcam          8.289607e-134  0.6578035 0.949 0.543 9.262807e-130
Hspb1         2.768287e-132  0.5961240 0.960 0.622 3.093284e-128
Tbxa2r        3.426994e-131  0.9412499 0.389 0.057 3.829324e-127
Ptprb         1.191559e-130 -0.4979081 0.769 0.899 1.331449e-126
Paqr7         1.204775e-128  0.9047031 0.508 0.108 1.346216e-124
Agfg1         1.033749e-127  0.8878478 0.574 0.145 1.155111e-123
Cyp4b1        1.016837e-125  0.4035789 0.995 0.831 1.136213e-121
Dhrs3         5.680630e-124  0.8588261 0.687 0.211 6.347536e-120
Grb14         5.425579e-123  0.8750364 0.361 0.052 6.062542e-119
Rps14         1.437930e-118 -0.2766406 0.948 0.965 1.606743e-114
Aard          8.646713e-118  0.8215307 0.710 0.243 9.661837e-114
Rps6          1.769520e-117 -0.3849204 0.848 0.917 1.977262e-113
Tek           8.486725e-117 -1.3103778 0.147 0.634 9.483066e-113
Nrp1          2.504511e-116  0.4853335 0.965 0.697 2.798541e-112
Gja4          4.958333e-116 -1.4821275 0.085 0.591 5.540441e-112
Rps19         5.477063e-113 -0.3116240 0.903 0.948 6.120070e-109
Junb          3.426921e-111 -0.4385761 0.837 0.900 3.829241e-107
Stxbp6        1.835001e-110  0.8236200 0.560 0.154 2.050430e-106
Socs3         6.016919e-108 -0.7568864 0.532 0.782 6.723305e-104
Plaur         3.592471e-106  0.7863393 0.699 0.249 4.014227e-102
Adgrg1        3.627215e-106  0.7947280 0.259 0.027 4.053050e-102
Acer2         1.119342e-104 -1.2823649 0.131 0.597 1.250753e-100
Hopx          2.581623e-104  0.8184125 0.421 0.089 2.884705e-100
Bin1          6.536325e-103  0.7584141 0.688 0.247  7.303689e-99
Btg2          3.563219e-101 -0.8069042 0.472 0.749  3.981541e-97
Rpl13         3.952819e-101 -0.2549709 0.946 0.953  4.416880e-97
Sox17         7.829995e-101 -1.2818826 0.133 0.586  8.749236e-97
Fam174b       4.578142e-100  0.7800726 0.293 0.041  5.115616e-96
Igfbp4         1.007608e-99 -1.2329880 0.150 0.595  1.125901e-95
Phlda1         3.503893e-99  0.8541429 0.479 0.126  3.915250e-95
Tmem204        3.607994e-99  0.6798368 0.829 0.385  4.031572e-95
Cx3cl1         2.062007e-98  0.8169272 0.410 0.090  2.304086e-94
Slc48a1        3.775916e-98  0.7633313 0.647 0.226  4.219208e-94
Rpl18a         7.774959e-98 -0.2612501 0.949 0.959  8.687739e-94
Sparc          1.174510e-97 -0.8856456 0.362 0.713  1.312397e-93
Ptpre          1.494247e-97  0.7450281 0.277 0.037  1.669671e-93
Atp8a1         2.227667e-97  0.7667959 0.399 0.085  2.489195e-93
Sema7a         2.679706e-97  0.7974856 0.381 0.078  2.994303e-93
Hmcn1          2.001176e-96 -1.4876499 0.035 0.492  2.236114e-92
Ehd1           2.609230e-95 -1.1388545 0.193 0.604  2.915554e-91
Fgfr3          1.809058e-94  0.7706980 0.465 0.119  2.021442e-90
Edil3          2.863737e-93  0.7165981 0.274 0.038  3.199940e-89
Ier3           9.125678e-92 -0.4296124 0.799 0.855  1.019703e-87
Fam110a        3.379881e-91  0.7587078 0.430 0.105  3.776679e-87
Itga3          9.754994e-91  0.7677079 0.441 0.112  1.090023e-86
Pphln1         1.234100e-90  0.7410644 0.351 0.069  1.378983e-86
Rpl13a         5.773099e-89 -0.2781476 0.910 0.927  6.450860e-85
Pcdh1          1.527404e-88  0.6519041 0.831 0.390  1.706721e-84
Prr13          2.575063e-87  0.7074841 0.655 0.247  2.877375e-83
Fgf1           1.037964e-86  0.7582349 0.309 0.056  1.159821e-82
Tns3           5.341752e-86  0.7404489 0.364 0.080  5.968873e-82
Cxcl16         1.507069e-85  0.7231920 0.441 0.116  1.683999e-81
Tmem140        6.497005e-85  0.6058125 0.862 0.446  7.259754e-81
Rpl35a         1.557218e-84 -0.2955325 0.884 0.912  1.740035e-80
Atp1a1         1.642926e-84 -1.1683901 0.127 0.538  1.835806e-80
Icam1          3.121073e-84  0.6565733 0.767 0.335  3.487487e-80
Tspan15        4.016063e-84  0.7066296 0.559 0.178  4.487549e-80
Rps28          5.658025e-83 -0.3803431 0.794 0.862  6.322277e-79
Prrt4          2.902290e-82  0.7071202 0.299 0.054  3.243018e-78
Timp2          6.262107e-82  0.5610421 0.886 0.505  6.997278e-78
Cadm1          4.578344e-81 -1.3262906 0.051 0.458  5.115842e-77
Trib2          2.088832e-80  0.7056459 0.578 0.204  2.334061e-76
Edn1           2.341563e-80 -1.4437277 0.046 0.448  2.616463e-76
Cxcl12         5.114380e-80 -1.3371890 0.076 0.476  5.714808e-76
Rps24          3.523875e-78 -0.4336216 0.710 0.811  3.937578e-74
Gm12216        7.183602e-78 -0.6435823 0.576 0.759  8.026957e-74
Arhgef3        6.919315e-75  0.6489047 0.642 0.251  7.731643e-71
Rps16          1.096665e-73 -0.2580832 0.899 0.908  1.225414e-69
Slc3a2         1.614668e-73 -0.4997660 0.655 0.800  1.804230e-69
Aldh2          2.954978e-73 -0.4255646 0.731 0.837  3.301892e-69
Fos            1.150184e-72 -0.4757990 0.695 0.824  1.285215e-68
S1pr4          4.081551e-72  0.6617132 0.573 0.212  4.560725e-68
Mfng           6.900236e-72  0.6431339 0.633 0.253  7.710324e-68
Elmo1          1.070712e-71  0.6538887 0.389 0.104  1.196414e-67
Pcolce2        1.410203e-71  0.7410678 0.255 0.046  1.575761e-67
Adamts1        1.839089e-71 -1.2455027 0.057 0.432  2.054998e-67
Pdlim2         1.868862e-71  0.6437926 0.584 0.218  2.088266e-67
App            1.834484e-70  0.4504707 0.921 0.625  2.049852e-66
Dnajb4         2.536913e-70  0.6876891 0.302 0.066  2.834746e-66
Rpl32          3.215288e-70 -0.2787043 0.858 0.892  3.592763e-66
Wfdc1          4.971732e-70 -1.2539079 0.063 0.432  5.555413e-66
Gpx3           6.380171e-70  0.6927659 0.486 0.163  7.129204e-66
Rps3a1         1.642554e-69 -0.3731891 0.745 0.833  1.835390e-65
Lyve1          3.079178e-69 -0.8785150 0.299 0.608  3.440673e-65
BC028528       4.982693e-69 -0.3051557 0.884 0.912  5.567662e-65
Jund           1.689307e-68 -0.2606738 0.899 0.898  1.887632e-64
Epas1          2.508015e-68 -0.3022139 0.839 0.873  2.802456e-64
Gadd45b        3.552515e-68  0.6566676 0.354 0.092  3.969580e-64
Dusp1          8.233940e-67 -0.3336369 0.813 0.869  9.200604e-63
Tmod2          1.574750e-66  0.6569160 0.378 0.107  1.759626e-62
Tspan12        2.066187e-66  0.5777092 0.775 0.384  2.308757e-62
Tmcc2          4.286725e-66  0.5239170 0.854 0.488  4.789986e-62
Stmn1          4.255854e-65 -0.6936806 0.402 0.670  4.755491e-61
Tinagl1        1.021582e-64 -0.9930478 0.193 0.525  1.141516e-60
Rps4x          3.034292e-64 -0.2564393 0.883 0.885  3.390518e-60
Zfp697         3.684769e-64  0.6591743 0.318 0.079  4.117361e-60
Rps15          6.953474e-64 -0.2501731 0.884 0.897  7.769812e-60
H2-Ab1         1.653221e-63 -1.1727111 0.116 0.453  1.847309e-59
Lyn            3.021303e-63  0.6017005 0.584 0.230  3.376004e-59
Rpl26          6.184765e-63 -0.2709720 0.859 0.876  6.910857e-59
Vcl            1.814724e-62  0.6290915 0.500 0.184  2.027772e-58
Rela           9.552573e-62  0.6035801 0.570 0.228  1.067405e-57
Lhfp           1.589643e-61  0.5894610 0.628 0.269  1.776267e-57
Cd47           1.590663e-61  0.3208570 0.986 0.786  1.777407e-57
Rps3           5.932348e-61 -0.2898410 0.826 0.860  6.628806e-57
Rps27a         7.466358e-61 -0.2549759 0.877 0.882  8.342909e-57
Aplnr          8.108236e-61 -1.2121811 0.041 0.374  9.060143e-57
Tpt1           1.276377e-58 -0.2509903 0.851 0.875  1.426224e-54
Anxa3          6.063921e-58  0.4019420 0.935 0.651  6.775825e-54
Map1lc3a       6.102273e-58  0.4771974 0.869 0.522  6.818680e-54
Trim16         9.697128e-58  0.5660095 0.475 0.169  1.083557e-53
Homer3         1.570792e-57  0.5849097 0.484 0.177  1.755203e-53
Gpr182         1.004313e-56 -1.0859620 0.076 0.397  1.122220e-52
Pnkd           1.382871e-56  0.5617332 0.582 0.250  1.545220e-52
Kit            1.537839e-55 -1.1041740 0.054 0.369  1.718381e-51
Pard6g         1.647152e-55  0.5483031 0.614 0.263  1.840527e-51
Eva1b          2.070591e-55  0.5247906 0.753 0.396  2.313678e-51
Actn1          3.372875e-55  0.5849237 0.456 0.164  3.768851e-51
Tmem159        3.867712e-55  0.5693195 0.432 0.150  4.321782e-51
Cd74           7.953429e-55 -1.2348986 0.082 0.391  8.887162e-51
Rcsd1          1.769743e-54  0.5450443 0.612 0.266  1.977511e-50
Gem            2.169500e-54  0.5760311 0.370 0.117  2.424199e-50
Nkd1           5.327615e-54  0.4398090 0.892 0.559  5.953077e-50
Rpl36a         7.808984e-54 -0.3939521 0.690 0.768  8.725759e-50
Ceacam1        1.612368e-53  0.5863621 0.449 0.165  1.801660e-49
Tmem176a       1.527616e-52  0.3951044 0.937 0.649  1.706958e-48
S100a16        2.471961e-52 -0.3007191 0.807 0.852  2.762169e-48
Hey1           3.864951e-52 -1.1226913 0.052 0.351  4.318696e-48
Tmem2          5.467531e-52 -1.0377175 0.066 0.369  6.109419e-48
H2-Aa          5.716450e-52 -1.1008695 0.082 0.382  6.387561e-48
Iigp1          2.034908e-51 -1.1059976 0.041 0.338  2.273806e-47
Cyyr1          6.158538e-51 -0.5756126 0.459 0.662  6.881550e-47
Abi3           4.073461e-50  0.5102515 0.677 0.333  4.551685e-46
Idh2           1.411284e-49  0.5324940 0.441 0.163  1.576968e-45
Endod1         3.467117e-49  0.5484125 0.291 0.082  3.874156e-45
Smagp          5.648409e-49  0.4138972 0.878 0.568  6.311532e-45
Adam15         7.793620e-49 -0.9332687 0.119 0.411  8.708591e-45
Gcnt2          7.909399e-49  0.5773393 0.253 0.065  8.837962e-45
Ackr2          1.096681e-48  0.5434534 0.380 0.130  1.225431e-44
Sema3f         1.104734e-48  0.5552740 0.514 0.225  1.234430e-44
Pllp           1.783172e-48  0.4577251 0.812 0.461  1.992517e-44
Itga6          2.406937e-48 -1.0085736 0.044 0.331  2.689511e-44
Stard8         3.124717e-48  0.5458188 0.399 0.146  3.491559e-44
Rarg           3.147439e-48  0.5459810 0.397 0.142  3.516949e-44
Grrp1          1.001703e-47 -1.0400606 0.044 0.325  1.119303e-43
Rnf144a        1.022518e-47 -0.9684386 0.103 0.388  1.142562e-43
Cyth3          1.542679e-47  0.4427862 0.839 0.498  1.723789e-43
Prickle1       1.816772e-47  0.5361969 0.508 0.213  2.030061e-43
Zfp36          2.307672e-47 -0.5267481 0.519 0.665  2.578593e-43
H2-Q7          5.128802e-47 -0.6278592 0.386 0.621  5.730923e-43
Tmem246        5.675405e-47  0.5284499 0.275 0.076  6.341697e-43
Ier2           1.464114e-46 -0.2545625 0.873 0.861  1.636001e-42
Sat1           1.609377e-46 -0.7275513 0.286 0.537  1.798318e-42
Ggh            1.691691e-46  0.5199608 0.486 0.201  1.890295e-42
Camk1          2.477836e-46  0.5017579 0.600 0.279  2.768734e-42
Tmem252        2.789553e-46 -1.0702280 0.073 0.347  3.117047e-42
Marcks         4.103370e-46  0.5167807 0.560 0.256  4.585105e-42
Dgkz           6.115666e-46  0.5256178 0.500 0.213  6.833645e-42
Tmbim1         1.004881e-45  0.4956480 0.658 0.331  1.122854e-41
Lims2          2.822854e-45  0.4623412 0.747 0.410  3.154257e-41
Gm16152        8.171146e-45  0.5194932 0.309 0.098  9.130439e-41
Egr1           1.271618e-44 -0.5220768 0.511 0.662  1.420906e-40
Pxdc1          2.011523e-44 -0.8835705 0.131 0.407  2.247676e-40
Rpl39          2.558534e-44 -0.2691542 0.793 0.806  2.858906e-40
Impdh1         6.867779e-44  0.4226289 0.840 0.503  7.674056e-40
Gabarapl1      1.145652e-43  0.4776364 0.519 0.226  1.280152e-39
H2-Q6          2.498479e-43 -0.8659212 0.123 0.402  2.791801e-39
Lpl            2.737978e-43 -1.0280277 0.046 0.307  3.059416e-39
Mmrn2          3.470525e-43 -1.0198826 0.027 0.280  3.877964e-39
Prex2          4.319161e-43 -0.8956788 0.100 0.375  4.826231e-39
Bicd2          5.418438e-43  0.5009809 0.491 0.211  6.054562e-39
Cdipt          7.770914e-43  0.4996781 0.491 0.213  8.683220e-39
St6galnac4     1.163426e-42  0.5043310 0.269 0.079  1.300012e-38
Glrx5          1.169699e-42  0.5100865 0.478 0.208  1.307022e-38
Stard3nl       1.314047e-42  0.4744558 0.519 0.228  1.468316e-38
Lamp2          1.324881e-42  0.4590156 0.674 0.344  1.480422e-38
Palmd          2.767968e-42 -0.9471178 0.068 0.330  3.092927e-38
Dok1           3.834324e-42  0.4901774 0.258 0.073  4.284474e-38
Piezo2         1.482036e-41  0.4922779 0.267 0.080  1.656027e-37
Hoxa5          2.018089e-41 -0.8684983 0.134 0.396  2.255013e-37
Ackr3          2.088225e-41 -1.0022275 0.038 0.288  2.333382e-37
Atp13a2        7.596427e-41  0.4826680 0.509 0.228  8.488248e-37
Vat1           7.761545e-41  0.4142646 0.812 0.484  8.672750e-37
Nipal3         7.881049e-40  0.4814914 0.256 0.077  8.806284e-36
Srsf5          1.138419e-39 -0.4684806 0.521 0.660  1.272070e-35
Card19         1.351836e-39  0.4472201 0.614 0.313  1.510541e-35
Cd81           1.372951e-39 -0.9282070 0.116 0.367  1.534135e-35
Sox11          2.015265e-39 -0.9243375 0.076 0.328  2.251857e-35
Rap1b          2.178570e-39  0.3974236 0.843 0.524  2.434334e-35
Ccnd3          3.540465e-39  0.4400309 0.691 0.371  3.956116e-35
H2-Eb1         3.846420e-39 -1.0312680 0.027 0.261  4.297990e-35
Tmem47         4.552934e-39  0.4784165 0.337 0.121  5.087448e-35
Hlx            1.301360e-38  0.4836611 0.544 0.260  1.454140e-34
Anp32a         3.714289e-38 -0.3828172 0.620 0.706  4.150347e-34
Inpp5a         4.410187e-38  0.4634298 0.369 0.143  4.927943e-34
Rps20          5.946193e-38 -0.2731310 0.752 0.766  6.644276e-34
Rgl1           7.229627e-38  0.4704176 0.391 0.155  8.078385e-34
Car14          7.282060e-38 -0.9512914 0.036 0.271  8.136974e-34
Otulin         7.688598e-38  0.4658041 0.277 0.090  8.591240e-34
Stmn2          9.449585e-38  0.3587968 0.907 0.602  1.055897e-33
Cnn3           1.088776e-37  0.3571389 0.877 0.595  1.216599e-33
Npr3           1.752054e-37 -0.9181734 0.041 0.276  1.957745e-33
Ccnd1          3.418277e-37  0.4809649 0.509 0.246  3.819583e-33
Csk            9.544818e-37  0.4645530 0.391 0.160  1.066538e-32
Clic5          1.046160e-36  0.4423390 0.592 0.300  1.168979e-32
Cdc42ep2       1.321481e-36  0.4575791 0.492 0.228  1.476623e-32
Pdia5          2.320096e-36  0.4702450 0.258 0.082  2.592476e-32
Gm13889        4.415740e-36 -0.7769579 0.188 0.421  4.934148e-32
Rps27rt        4.833852e-36 -0.2918673 0.723 0.758  5.401346e-32
Pls3           5.119918e-36  0.4415987 0.405 0.167  5.720996e-32
Mapt           7.243345e-36  0.4407594 0.587 0.297  8.093713e-32
Sema3g         7.909935e-36 -0.9129289 0.032 0.255  8.838561e-32
Ctsl           1.154047e-35  0.3898995 0.788 0.471  1.289532e-31
Mtus1          2.076702e-35  0.4231835 0.573 0.284  2.320507e-31
Cald1          2.273194e-35  0.4465508 0.479 0.222  2.540067e-31
Tns1           2.873972e-35 -0.8538796 0.063 0.293  3.211376e-31
Zwint          7.841857e-35  0.4736525 0.332 0.131  8.762491e-31
Ifngr2         8.726370e-35  0.4254497 0.549 0.269  9.750846e-31
Vdac1          1.303083e-34  0.4318441 0.476 0.219  1.456064e-30
Anxa2          1.652017e-34 -0.3888553 0.584 0.684  1.845964e-30
Cds2           2.092922e-34  0.4510511 0.386 0.164  2.338631e-30
Bag5           5.695761e-34  0.4127698 0.533 0.257  6.364443e-30
Mxd4           6.300516e-34  0.4035922 0.627 0.334  7.040197e-30
Prss23         8.246626e-34 -0.9477828 0.076 0.299  9.214780e-30
Sh3bgrl        1.158450e-33  0.4398616 0.509 0.249  1.294452e-29
Ccrl2          1.559489e-33 -0.7774990 0.150 0.379  1.742573e-29
Cd24a          1.987659e-33  0.3866007 0.761 0.441  2.221010e-29
Tm6sf1         3.549289e-33 -0.8416096 0.043 0.257  3.965976e-29
Rps21          7.325232e-33 -0.2995233 0.701 0.729  8.185215e-29
Gmfg           1.015017e-32  0.4400509 0.440 0.204  1.134180e-28
Reep5          1.071639e-32  0.4120176 0.609 0.324  1.197449e-28
Eln            3.195667e-32 -0.8313745 0.040 0.252  3.570839e-28
Amn1           3.374634e-32  0.4489956 0.261 0.091  3.770816e-28
Hras           3.961017e-32  0.4238917 0.448 0.208  4.426041e-28
Rapgef3        7.611181e-32  0.4302903 0.361 0.151  8.504733e-28
Meis1          9.139145e-32  0.4310809 0.459 0.216  1.021208e-27
Rps12          1.260397e-31 -0.3227753 0.647 0.699  1.408367e-27
Gbp2           1.611091e-31 -0.8132280 0.082 0.298  1.800234e-27
Pcp4l1         6.512377e-31 -0.8292961 0.047 0.252  7.276930e-27
Plpp3          7.249620e-31  0.3880216 0.616 0.330  8.100725e-27
Zfp706         8.491300e-31  0.3758881 0.729 0.439  9.488179e-27
Pdgfd          1.529977e-30  0.4304954 0.324 0.130  1.709596e-26
Bcl2l1         3.170594e-30  0.4021996 0.400 0.179  3.542822e-26
Gpr146         9.633121e-30  0.3989492 0.589 0.322  1.076405e-25
Adgrl2         1.065821e-29  0.4317259 0.446 0.221  1.190948e-25
Tsc22d3        1.670605e-29  0.3848329 0.614 0.336  1.866734e-25
Scn7a          2.313193e-29  0.3699998 0.677 0.379  2.584762e-25
Gm9917         3.046229e-29  0.3891330 0.375 0.165  3.403856e-25
Klf9           3.403850e-29 -0.5365226 0.372 0.532  3.803462e-25
Csgalnact1     4.412442e-29  0.4252676 0.293 0.116  4.930463e-25
Fam219a        5.172186e-29  0.4076355 0.318 0.131  5.779401e-25
Ncald          6.297995e-29 -0.7537498 0.103 0.309  7.037379e-25
Hmgn2          7.744026e-29  0.3849108 0.448 0.213  8.653175e-25
Fosb           7.870984e-29 -0.4537952 0.465 0.605  8.795038e-25
Calr           8.645655e-29 -0.3113921 0.655 0.709  9.660655e-25
Adgrl4         1.068767e-28 -0.5271295 0.364 0.533  1.194240e-24
Mocs2          3.590029e-28  0.3697840 0.456 0.221  4.011499e-24
Plekha1        4.034743e-28  0.4061556 0.307 0.127  4.508422e-24
Agpat4         1.118027e-27  0.3678663 0.641 0.359  1.249283e-23
Btg1           1.204927e-27 -0.6315699 0.241 0.431  1.346386e-23
Tspan8         1.318264e-27  0.3440719 0.797 0.472  1.473028e-23
Itm2c          1.720965e-27 -0.6328744 0.204 0.407  1.923006e-23
Vwf            2.209935e-27 -0.8597702 0.085 0.277  2.469382e-23
H2-Q4          2.714116e-27 -0.5179723 0.359 0.530  3.032754e-23
Hpcal1         3.856752e-27  0.3486764 0.745 0.454  4.309535e-23
Tpst2          4.286086e-27  0.3402302 0.774 0.493  4.789273e-23
Gna11          5.956780e-27  0.3510594 0.579 0.317  6.656106e-23
Ahnak          6.360873e-27 -0.6842499 0.097 0.297  7.107639e-23
Cgrrf1         6.757575e-27  0.3677088 0.347 0.153  7.550915e-23
Snrk           7.234070e-27  0.3491487 0.646 0.367  8.083350e-23
Prcp           1.145047e-26 -0.7331006 0.073 0.264  1.279475e-22
Nfic           2.109772e-26  0.3672911 0.552 0.305  2.357459e-22
Rps6ka1        2.183275e-26  0.3723478 0.290 0.119  2.439591e-22
Xbp1           2.301640e-26 -0.4123417 0.498 0.610  2.571852e-22
Asah1          6.056943e-26  0.3493243 0.506 0.261  6.768028e-22
Lamtor5        2.225885e-25  0.3454745 0.630 0.358  2.487204e-21
Pdgfb          4.318996e-25  0.3717259 0.373 0.178  4.826046e-21
Cd151          5.112980e-25  0.2996511 0.875 0.606  5.713244e-21
Sirt2          5.750643e-25  0.3694756 0.430 0.216  6.425769e-21
Ppp2r5a        6.330961e-25  0.3830340 0.318 0.141  7.074216e-21
Csrp2          7.492613e-25 -0.6962890 0.101 0.287  8.372246e-21
Adgrl3         7.900272e-25 -0.7212416 0.073 0.253  8.827764e-21
Mxra7          9.130838e-25  0.3535756 0.587 0.332  1.020280e-20
Slc16a9        9.882595e-25  0.3671546 0.252 0.099  1.104281e-20
Crlf2          1.018345e-24  0.3693403 0.403 0.198  1.137899e-20
Ttyh3          1.119253e-24  0.3651592 0.396 0.193  1.250653e-20
Ephb4          1.172709e-24 -0.6867276 0.131 0.318  1.310385e-20
Sertad2        1.316996e-24  0.3591655 0.402 0.197  1.471611e-20
Timp3          1.467172e-24  0.3348730 0.691 0.413  1.639418e-20
Ddah1          1.531945e-24  0.3697112 0.492 0.261  1.711796e-20
Lmna           1.715803e-24  0.3464255 0.597 0.343  1.917238e-20
Plk2           1.763909e-24 -0.4071892 0.524 0.613  1.970992e-20
Plekho1        2.103598e-24 -0.6387944 0.182 0.366  2.350560e-20
Inpp5k         2.377912e-24  0.3715582 0.421 0.211  2.657079e-20
Tmem44         2.500607e-24 -0.6987152 0.078 0.259  2.794178e-20
1110008F13Rik  2.552713e-24  0.3599519 0.536 0.303  2.852401e-20
Necap2         2.846164e-24  0.3570555 0.407 0.202  3.180304e-20
Smarca2        2.890486e-24  0.3590073 0.491 0.265  3.229829e-20
Gngt2          2.932289e-24  0.3061250 0.824 0.555  3.276539e-20
Hoxb5          7.275468e-24  0.3655656 0.288 0.123  8.129608e-20
Ocln           1.410387e-23  0.3564392 0.278 0.117  1.575966e-19
Tgfb1          1.533416e-23  0.3324573 0.669 0.404  1.713439e-19
Vps36          2.980618e-23  0.3396829 0.495 0.266  3.330542e-19
Stab1          3.469591e-23  0.3445178 0.307 0.138  3.876921e-19
Atf3           5.758790e-23 -0.5648491 0.288 0.451  6.434872e-19
Herpud1        6.415654e-23  0.3425441 0.492 0.266  7.168852e-19
Sqstm1         1.204125e-22  0.3264062 0.574 0.331  1.345489e-18
Slc38a2        1.976450e-22 -0.6594551 0.119 0.294  2.208485e-18
Clec2d         3.613635e-22 -0.4905562 0.356 0.498  4.037876e-18
Stap2          4.943809e-22  0.3523384 0.283 0.126  5.524213e-18
Meis2          5.061592e-22 -0.6524968 0.108 0.281  5.655822e-18
Ctsa           5.067872e-22  0.3413315 0.424 0.222  5.662840e-18
Rnaseh2c       5.743002e-22  0.3557550 0.362 0.181  6.417231e-18
St3gal6        6.001452e-22  0.3121204 0.725 0.453  6.706022e-18
Serp1          6.211415e-22  0.3515499 0.342 0.165  6.940635e-18
Ifrd1          6.877412e-22  0.3531279 0.340 0.163  7.684820e-18
Chmp4b         1.053175e-21  0.3207547 0.565 0.331  1.176818e-17
Klf7           1.421490e-21  0.2872082 0.848 0.579  1.588373e-17
Zfhx3          1.526733e-21  0.3565550 0.310 0.146  1.705972e-17
Mff            2.020604e-21  0.3295283 0.454 0.244  2.257823e-17
Fuca1          2.320829e-21  0.3402387 0.446 0.244  2.593295e-17
Tpm1           2.418267e-21  0.3407922 0.407 0.213  2.702171e-17
Heg1           2.569430e-21 -0.5359211 0.258 0.424  2.871082e-17
Klf13          2.629853e-21  0.3051273 0.747 0.479  2.938597e-17
Sema6a         2.970476e-21  0.3400690 0.536 0.313  3.319210e-17
Ifngr1         3.068062e-21 -0.4216996 0.432 0.551  3.428252e-17
Klhdc2         3.485600e-21  0.3202277 0.256 0.110  3.894809e-17
St3gal1        3.585582e-21  0.3289025 0.403 0.209  4.006529e-17
Csrp1          3.876917e-21  0.2980934 0.728 0.459  4.332067e-17
Pwwp2b         4.637408e-21  0.3295730 0.252 0.107  5.181840e-17
Eif4ebp1       5.967576e-21  0.3302397 0.359 0.179  6.668169e-17
Rhob           9.745510e-21 -0.2577312 0.669 0.702  1.088963e-16
Pdzd11         1.019751e-20  0.3276011 0.264 0.116  1.139470e-16
Tra2b          1.353866e-20 -0.3766500 0.484 0.578  1.512810e-16
Arpc1b         1.706944e-20 -0.3837735 0.438 0.556  1.907339e-16
Tie1           2.078930e-20 -0.3685611 0.503 0.589  2.322996e-16
Galnt18        3.197225e-20  0.2950596 0.775 0.494  3.572579e-16
Hsd17b12       3.300559e-20  0.3129431 0.353 0.175  3.688045e-16
Smim14         6.863712e-20  0.3146923 0.484 0.274  7.669512e-16
Atp6v0d1       6.887403e-20  0.2986068 0.479 0.263  7.695984e-16
Tex264         7.448919e-20  0.3057669 0.419 0.225  8.323422e-16
Klhl5          8.056413e-20 -0.4186138 0.410 0.518  9.002236e-16
Nckap5         9.070746e-20 -0.6485755 0.100 0.257  1.013565e-15
Rnf145         9.678007e-20  0.3264122 0.283 0.131  1.081420e-15
Pitpna         1.040689e-19  0.3143521 0.540 0.322  1.162866e-15
Mien1          1.187735e-19  0.3265683 0.337 0.169  1.327175e-15
Ckb            1.530891e-19  0.3253404 0.280 0.130  1.710618e-15
Ppp1r2         1.610734e-19 -0.2949783 0.614 0.649  1.799834e-15
Kctd10         2.738380e-19 -0.5454312 0.215 0.372  3.059866e-15
Arap2          4.584733e-19  0.3137659 0.383 0.201  5.122980e-15
Dapk3          4.888775e-19  0.3084093 0.397 0.213  5.462717e-15
Slc35b1        8.396728e-19  0.3309852 0.392 0.213  9.382504e-15
Npr1           9.084002e-19 -0.5623862 0.180 0.339  1.015046e-14
S100a10        9.477089e-19 -0.2805945 0.604 0.646  1.058970e-14
Map7d1         1.095306e-18  0.2829256 0.733 0.480  1.223895e-14
Anxa11         1.177060e-18  0.3139314 0.375 0.199  1.315246e-14
Pak4           1.185350e-18  0.3197361 0.350 0.180  1.324510e-14
Por            1.193080e-18  0.3088031 0.348 0.180  1.333148e-14
Hspa1a         1.281351e-18  0.3617683 0.369 0.201  1.431782e-14
Slco3a1        1.437468e-18  0.3230177 0.320 0.161  1.606227e-14
Oxr1           1.452194e-18  0.3083365 0.312 0.153  1.622681e-14
Myo1c          1.716182e-18  0.2956653 0.508 0.297  1.917662e-14
Thap11         1.721063e-18  0.3045331 0.272 0.127  1.923115e-14
Pros1          1.775397e-18  0.3048119 0.388 0.207  1.983829e-14
Dhrs1          2.039688e-18  0.3334324 0.309 0.154  2.279148e-14
Actn4          2.792801e-18 -0.4686764 0.297 0.439  3.120676e-14
Rock2          2.972289e-18  0.3127459 0.297 0.148  3.321236e-14
Gbp7           3.185073e-18 -0.5851573 0.116 0.269  3.559000e-14
Ddah2          3.876215e-18 -0.2802588 0.612 0.640  4.331282e-14
Mrpl33         4.163331e-18  0.2914385 0.492 0.286  4.652106e-14
Zfp503         4.896971e-18 -0.5857728 0.157 0.308  5.471875e-14
Ldb2           5.061808e-18 -0.4852479 0.299 0.434  5.656064e-14
Sft2d1         6.633987e-18 -0.5931237 0.128 0.278  7.412817e-14
Mrpl20         6.911465e-18  0.3017569 0.443 0.252  7.722871e-14
Mgat1          1.374201e-17  0.2901437 0.479 0.277  1.535533e-13
Klf10          1.522388e-17  0.3116609 0.354 0.190  1.701116e-13
Cd200          2.503575e-17 -0.2984764 0.585 0.618  2.797494e-13
Arpc4          2.625845e-17  0.2768146 0.571 0.343  2.934119e-13
Tmem115        2.931680e-17  0.2862762 0.277 0.134  3.275859e-13
Fxyd5          2.956303e-17 -0.4839021 0.275 0.415  3.303373e-13
Arl4a          3.167434e-17 -0.5918457 0.116 0.260  3.539291e-13
Nes            3.845574e-17  0.3197096 0.332 0.177  4.297044e-13
Hspa5          4.060693e-17 -0.2511844 0.636 0.678  4.537419e-13
Rell1          4.125366e-17  0.3202100 0.282 0.140  4.609684e-13
Tspan18        4.783500e-17  0.2783031 0.682 0.443  5.345083e-13
Sar1b          4.973886e-17  0.2770856 0.445 0.251  5.557820e-13
S100a1         5.397763e-17 -0.4926431 0.252 0.396  6.031460e-13
Gclm           5.916155e-17  0.2997757 0.299 0.151  6.610712e-13
Mbnl2          5.954792e-17  0.2697807 0.641 0.402  6.653885e-13
Leprotl1       6.491759e-17  0.2868577 0.321 0.165  7.253891e-13
Pnrc1          6.569995e-17 -0.4146075 0.403 0.495  7.341312e-13
Prkce          9.081265e-17  0.3065135 0.280 0.140  1.014741e-12
Nt5c           1.073159e-16  0.2769500 0.331 0.174  1.199148e-12
Phactr1        1.541661e-16  0.3036082 0.329 0.174  1.722653e-12
Dpysl2         1.753354e-16  0.2704072 0.728 0.506  1.959197e-12
Ccnl1          2.058158e-16 -0.4875228 0.280 0.406  2.299786e-12
Lxn            2.319699e-16 -0.4743311 0.293 0.416  2.592032e-12
Smap1          2.608199e-16  0.2690412 0.361 0.197  2.914402e-12
Psmd7          3.161642e-16  0.2731904 0.519 0.316  3.532819e-12
Mdfic          4.082567e-16  0.2834555 0.310 0.160  4.561860e-12
Tmem243        4.621789e-16  0.2589326 0.491 0.290  5.164388e-12
Mcc            4.773316e-16  0.2977717 0.296 0.153  5.333704e-12
Sike1          5.247977e-16  0.2764503 0.267 0.132  5.864089e-12
Ctnnb1         5.331602e-16 -0.5110291 0.204 0.344  5.957532e-12
Actr3          5.408353e-16  0.2615169 0.541 0.330  6.043294e-12
Cisd1          5.878379e-16  0.2732485 0.302 0.157  6.568500e-12
Ifi47          6.333840e-16 -0.5182310 0.209 0.348  7.077433e-12
Tspan17        6.696021e-16  0.2955395 0.348 0.190  7.482134e-12
Emc7           9.416386e-16  0.2691119 0.573 0.355  1.052187e-11
Abi1           1.040688e-15  0.2842973 0.334 0.178  1.162865e-11
Abi3bp         1.161351e-15  0.2866128 0.347 0.191  1.297694e-11
Pcmt1          1.543862e-15  0.2732805 0.460 0.272  1.725112e-11
Vsir           2.179815e-15  0.2870971 0.369 0.208  2.435725e-11
Clstn1         2.619795e-15  0.2817886 0.345 0.192  2.927359e-11
2610001J05Rik  2.848747e-15  0.2810785 0.437 0.262  3.183190e-11
Minos1         3.181537e-15  0.2530909 0.723 0.478  3.555050e-11
Ubl3           4.773664e-15  0.2623865 0.541 0.339  5.334092e-11
Coro2b         6.683133e-15  0.2650457 0.269 0.137  7.467733e-11
Rdx            6.839086e-15 -0.2949664 0.554 0.605  7.641994e-11
Cpne8          7.248975e-15  0.2703450 0.350 0.196  8.100005e-11
Lamtor1        8.351849e-15  0.2532660 0.448 0.264  9.332356e-11
Fcgrt          1.054017e-14  0.2605837 0.293 0.154  1.177759e-10
Tpm4           1.095950e-14 -0.2897809 0.547 0.596  1.224614e-10
Dusp6          1.292066e-14 -0.4381323 0.320 0.437  1.443755e-10
Hhex           1.300895e-14 -0.5368398 0.127 0.258  1.453620e-10
Tmem33         1.391106e-14  0.2748779 0.419 0.245  1.554421e-10
Commd3         1.767219e-14  0.2546395 0.446 0.266  1.974690e-10
Tbkbp1         2.156265e-14  0.2657551 0.307 0.166  2.409411e-10
Sox4           2.342758e-14 -0.4889810 0.218 0.350  2.617797e-10
Fzd4           2.345669e-14 -0.5302503 0.127 0.257  2.621050e-10
Ipo11          2.393916e-14  0.2630080 0.259 0.131  2.674962e-10
Hspa12b        2.584937e-14  0.2660671 0.468 0.288  2.888408e-10
Pde4b          2.983216e-14 -0.4475395 0.291 0.406  3.333445e-10
Yaf2           3.705561e-14  0.2586883 0.302 0.163  4.140594e-10
Tubb2a         4.111975e-14 -0.2588598 0.614 0.633  4.594721e-10
Scarb2         5.244799e-14  0.2608616 0.332 0.186  5.860539e-10
Bet1           5.317279e-14  0.2539115 0.297 0.159  5.941528e-10
Apbb2          5.684549e-14  0.2582910 0.391 0.229  6.351916e-10
Tmem160        6.394895e-14  0.2563949 0.441 0.269  7.145655e-10
Sox7           6.582507e-14 -0.4644617 0.241 0.364  7.355294e-10
Ets1           8.936400e-14 -0.3976857 0.339 0.449  9.985533e-10
Pam            9.918719e-14  0.2930779 0.407 0.244  1.108318e-09
Efnb2          1.028039e-13 -0.4944857 0.182 0.311  1.148731e-09
Uba52          1.269307e-13 -0.3515145 0.411 0.498  1.418323e-09
Timm17a        1.469532e-13  0.2530877 0.408 0.241  1.642055e-09
Abracl         1.632010e-13 -0.5045291 0.139 0.264  1.823608e-09
Lamtor4        1.638313e-13  0.2552978 0.312 0.173  1.830651e-09
Ube2a          1.779455e-13  0.2619011 0.384 0.227  1.988363e-09
Mcam           2.584539e-13 -0.4535204 0.220 0.348  2.887964e-09
Clk1           5.979725e-13 -0.4103429 0.299 0.410  6.681745e-09
Tmem222        7.969147e-13  0.2592645 0.261 0.140  8.904725e-09
Pcdh17         1.004719e-12 -0.4534308 0.247 0.360  1.122673e-08
Msi2           1.289088e-12  0.2581444 0.259 0.140  1.440426e-08
Cyr61          1.697575e-12 -0.5198837 0.147 0.266  1.896870e-08
Mknk2          2.058414e-12  0.2656933 0.277 0.153  2.300071e-08
Rasgrp3        2.733990e-12 -0.4744319 0.177 0.294  3.054961e-08
Casc4          2.996626e-12 -0.4192855 0.312 0.408  3.348429e-08
Flt1           3.124445e-12 -0.2859581 0.497 0.545  3.491255e-08
Dlc1           6.160548e-12 -0.3990270 0.304 0.405  6.883797e-08
Zfp36l1        6.277959e-12 -0.3926379 0.294 0.400  7.014991e-08
Nfib           1.039292e-11 -0.2627369 0.521 0.554  1.161305e-07
Camk2d         1.203263e-11 -0.4533533 0.184 0.297  1.344526e-07
Tor3a          1.227434e-11 -0.4712155 0.172 0.284  1.371535e-07
Ece1           1.280286e-11 -0.2762559 0.494 0.543  1.430592e-07
Pabpc1         1.478162e-11 -0.3429491 0.408 0.477  1.651699e-07
Rpl23a-ps3     1.659174e-11 -0.2943308 0.456 0.516  1.853961e-07
Elk3           1.998853e-11 -0.3028432 0.473 0.526  2.233518e-07
Hprt           2.542243e-11 -0.4562632 0.182 0.290  2.840703e-07
Pdia6          3.313285e-11 -0.2579668 0.565 0.588  3.702264e-07
Ifi27          5.066680e-11 -0.3892525 0.304 0.399  5.661509e-07
Cox7a2l        5.880817e-11 -0.2582637 0.505 0.547  6.571225e-07
H2afv          1.435735e-10 -0.4061249 0.255 0.354  1.604291e-06
Ppp1r15a       3.948102e-10 -0.3006972 0.475 0.506  4.411610e-06
P2rx4          9.981930e-10 -0.4549077 0.157 0.254  1.115381e-05
Ifi203         1.376573e-09  0.2556722 0.302 0.189  1.538183e-05
H1f0           2.813459e-09 -0.3872771 0.277 0.362  3.143759e-05
Il6st          5.045807e-09 -0.4023681 0.172 0.268  5.638185e-05
Rps12-ps3      1.018711e-08 -0.3403471 0.320 0.391  1.138308e-04
Orai1          1.831268e-08 -0.3453290 0.253 0.341  2.046259e-04
Kdm6b          2.788265e-08 -0.3831770 0.165 0.254  3.115607e-04
Amotl2         4.451411e-08 -0.3963239 0.174 0.259  4.974007e-04
Bag1           6.074761e-08 -0.3626925 0.206 0.293  6.787938e-04
Ptms           7.129716e-08 -0.3301818 0.335 0.398  7.966745e-04
Bnip2          8.645718e-08 -0.3445268 0.275 0.350  9.660725e-04
Nisch          1.340796e-07 -0.2976281 0.340 0.407  1.498205e-03
Tgm2           1.790277e-07 -0.3001809 0.328 0.396  2.000456e-03
Tmem184b       1.909878e-07 -0.3602618 0.214 0.295  2.134097e-03
Sh3bp5         2.001895e-07 -0.3586584 0.182 0.265  2.236918e-03
Vgll4          2.005313e-07 -0.3020548 0.384 0.435  2.240736e-03
Arhgef1        3.228921e-07 -0.3381294 0.247 0.323  3.607996e-03
Klf3           3.959959e-07 -0.2771113 0.403 0.453  4.424859e-03
Csde1          7.108179e-07 -0.3480851 0.220 0.295  7.942679e-03
Rpl12          7.212726e-07 -0.2598120 0.424 0.458  8.059500e-03
Csrnp1         7.857643e-07 -0.3239063 0.283 0.350  8.780130e-03
Psmb9          7.977925e-07 -0.3097742 0.310 0.375  8.914533e-03
Tmpo           9.112792e-07 -0.3546425 0.225 0.296  1.018263e-02
Isg15          9.522413e-07 -0.3829076 0.207 0.279  1.064034e-02
Id2            1.284634e-06 -0.3594685 0.272 0.334  1.435450e-02
Iqgap1         2.380805e-06 -0.3085338 0.233 0.306  2.660311e-02
Hs3st1         4.177297e-06 -0.2611458 0.402 0.437  4.667712e-02
Npm1           4.959355e-06 -0.2565127 0.364 0.416  5.541583e-02
Ushbp1         6.718017e-06 -0.2526527 0.410 0.439  7.506712e-02
Adcy4          8.713224e-06 -0.2519021 0.353 0.404  9.736157e-02
Nedd4          1.307152e-05 -0.3231241 0.218 0.282  1.460612e-01
Polr2m         1.526464e-05 -0.2910111 0.234 0.298  1.705670e-01
Xiap           1.999688e-05 -0.2863394 0.193 0.261  2.234451e-01
Tax1bp1        2.027492e-05 -0.2597062 0.370 0.409  2.265520e-01
Abhd17a        2.395516e-05 -0.2903269 0.274 0.327  2.676749e-01
Ralb           2.435147e-05 -0.3020498 0.234 0.294  2.721033e-01
Atp1b3         2.506151e-05 -0.2647793 0.334 0.383  2.800373e-01
Tmem88         2.586412e-05 -0.3111539 0.207 0.271  2.890057e-01
Kmt2e          3.543390e-05 -0.3021119 0.223 0.284  3.959384e-01
Arl4d          3.816092e-05 -0.3000958 0.253 0.307  4.264101e-01
Tra2a          4.327168e-05 -0.2744091 0.239 0.301  4.835177e-01
1110038F14Rik  6.108261e-05 -0.2793637 0.305 0.346  6.825371e-01
Car2           7.155241e-05 -0.2836024 0.237 0.295  7.995267e-01
Gm9493         1.622121e-04 -0.2534383 0.277 0.326  1.000000e+00
Gm8730         2.051695e-04 -0.2583154 0.282 0.326  1.000000e+00
Ifnar2         2.277990e-04 -0.2787769 0.245 0.293  1.000000e+00
Gimap5         2.570418e-04 -0.2620252 0.305 0.343  1.000000e+00
Skap2          2.736110e-04 -0.2669262 0.269 0.312  1.000000e+00
N4bp3          2.937707e-04 -0.2500195 0.345 0.371  1.000000e+00
Mrps18a        4.854369e-04 -0.2751907 0.255 0.295  1.000000e+00
Rbm25          5.730252e-04 -0.2717816 0.261 0.303  1.000000e+00
Anxa6          5.738075e-04 -0.2681580 0.253 0.292  1.000000e+00
Tmed5          7.079512e-04 -0.2731052 0.241 0.281  1.000000e+00
