Gene                  p_val  avg_logFC pct.1 pct.2     p_val_adj
Maf           6.818828e-175  2.3168492 0.948 0.036 7.619358e-171
Lyve1         5.570852e-157  2.0226175 0.976 0.116 6.224870e-153
Mmrn1         7.618350e-137  1.6790584 1.000 0.267 8.512744e-133
Fgl2          1.071878e-131  1.8078757 0.916 0.124 1.197716e-127
Reln          2.717942e-127  1.7593680 0.920 0.148 3.037028e-123
Prelp         2.602272e-123  1.8104045 0.817 0.066 2.907779e-119
Lcn2          2.930389e-118  1.8077954 0.805 0.080 3.274417e-114
Adgrg3        4.821898e-114  1.7437111 0.761 0.057 5.387989e-110
Ccl21a        2.134709e-113  0.8931745 1.000 0.790 2.385323e-109
Pard6g        1.197898e-112  1.8127424 0.693 0.030 1.338532e-108
Cyp4b1        2.764833e-110  1.5527860 0.884 0.180 3.089424e-106
Tnxb          8.709478e-109  1.7824953 0.717 0.048 9.731971e-105
Fxyd6         2.787582e-107  1.6642227 0.757 0.068 3.114844e-103
Ntn1          8.862035e-107  1.6985226 0.705 0.046 9.902438e-103
Col23a1       1.085009e-105  1.7098686 0.665 0.032 1.212389e-101
Dtx1          7.380413e-104  1.7105843 0.653 0.030 8.246874e-100
Nr2f2         1.032349e-103  1.6092416 0.785 0.091  1.153547e-99
Igfbp7        3.499218e-100 -0.7831238 0.837 0.985  3.910026e-96
Ly6c1         4.752313e-100 -0.9431044 0.681 0.982  5.310234e-96
Prox1          2.220374e-93  1.6444411 0.586 0.024  2.481046e-89
Il33           8.549354e-93  1.6504796 0.578 0.022  9.553048e-89
Ly6a           1.084258e-92 -1.1852423 0.474 0.952  1.211550e-88
Flt4           8.879339e-90  1.2909824 0.896 0.242  9.921773e-86
Cp             4.975623e-89  1.6351855 0.594 0.033  5.559761e-85
Sparc          5.703541e-89 -1.5856218 0.231 0.902  6.373137e-85
Timp2          2.362470e-88  1.5761338 0.653 0.062  2.639824e-84
Flt1           4.474280e-88 -1.6919950 0.183 0.891  4.999560e-84
Gmfg           2.289448e-85  1.6221207 0.562 0.030  2.558229e-81
Fabp4          2.689378e-83 -0.5711689 0.908 0.988  3.005111e-79
Cd63           1.939296e-81  1.5170531 0.633 0.068  2.166969e-77
Cald1          1.987621e-81  1.4765005 0.693 0.101  2.220967e-77
Pdpn           3.450247e-81  1.5271393 0.522 0.021  3.855306e-77
Stab1          6.659960e-78  1.2221496 0.857 0.212  7.441840e-74
Nrp1           4.246879e-77 -1.8024898 0.108 0.822  4.745463e-73
Lbp            4.494311e-77  1.4869307 0.526 0.030  5.021944e-73
Ifi27l2a       9.633324e-73  1.3763728 0.705 0.133  1.076428e-68
Tbx1           3.741423e-71  1.4162574 0.478 0.024  4.180666e-67
Nrp2           2.601878e-70  1.1063703 0.869 0.289  2.907339e-66
Abi3bp         3.281645e-70  1.4288670 0.474 0.024  3.666911e-66
Rspo3          2.700200e-69  1.4117929 0.414 0.007  3.017203e-65
Sparcl1        9.155833e-69 -1.4644651 0.211 0.812  1.023073e-64
Esam           2.266914e-66 -1.4499345 0.179 0.806  2.533050e-62
Klf2           1.020600e-64 -0.7289885 0.689 0.945  1.140419e-60
Thy1           1.026364e-64  1.3504876 0.474 0.035  1.146859e-60
Gpx3           2.678433e-63  1.4107182 0.522 0.058  2.992881e-59
Dlg1           6.780711e-62  1.3553430 0.506 0.054  7.576767e-58
Cd200          1.467329e-60 -0.9815824 0.422 0.869  1.639594e-56
Hspb1          1.596078e-60 -0.5504201 0.849 0.957  1.783458e-56
Rnase4         4.220362e-60  1.2968554 0.470 0.041  4.715833e-56
Ybx1           1.698749e-59 -0.6942801 0.633 0.895  1.898183e-55
Adamtsl1       3.050128e-59  1.2903776 0.418 0.024  3.408213e-55
Gpm6a          3.238982e-59  1.2943660 0.398 0.018  3.619238e-55
Trf            3.154642e-58  1.3259584 0.410 0.025  3.524997e-54
Cyp1b1         5.808242e-58  1.2998178 0.566 0.093  6.490129e-54
Kcnk5          1.087918e-57  1.2757461 0.462 0.041  1.215640e-53
Id3            4.355331e-57 -1.0315236 0.430 0.842  4.866647e-53
Sh3gl3         1.954079e-56  1.2059754 0.386 0.018  2.183488e-52
Ltc4s          3.259363e-56  1.3546762 0.458 0.048  3.642012e-52
Plvap          7.591739e-56 -0.7967263 0.677 0.876  8.483009e-52
Slc45a3        3.698051e-54  1.2158466 0.347 0.010  4.132202e-50
Emilin1        5.220845e-54  1.2371945 0.426 0.035  5.833772e-50
AW112010       7.612968e-54 -1.3030135 0.223 0.744  8.506730e-50
Cldn5          4.267310e-53  0.8654348 0.892 0.332  4.768292e-49
Gucy1b3        4.636411e-53  1.2393123 0.390 0.026  5.180726e-49
Gm9780         1.130873e-52  1.1676599 0.299 0.000  1.263638e-48
Cxcl12         1.131604e-52 -1.2524450 0.303 0.769  1.264454e-48
Actg1          1.541551e-52 -0.5325133 0.769 0.936  1.722529e-48
Rtkn           2.072164e-52  1.2092401 0.382 0.025  2.315436e-48
Epas1          4.055133e-52 -1.2397236 0.227 0.755  4.531206e-48
Kcnn3          2.444702e-51  1.2770361 0.382 0.026  2.731710e-47
AA467197       3.065650e-51  1.3888513 0.394 0.033  3.425557e-47
Gpr182         4.798712e-51  1.1985702 0.454 0.055  5.362081e-47
Camk2n1        1.298621e-50  1.1156124 0.649 0.173  1.451079e-46
Tmsb10         3.840402e-49  0.4617111 0.976 0.769  4.291265e-45
Pcsk6          4.199709e-49  1.2204283 0.331 0.014  4.692755e-45
Wnt2           1.297037e-48  1.1535898 0.315 0.010  1.449309e-44
Ier2           1.374674e-48 -0.8917471 0.502 0.820  1.536061e-44
Tspan18        1.056565e-47  0.9799562 0.745 0.243  1.180606e-43
Cd34           2.100554e-47 -1.4653138 0.112 0.639  2.347159e-43
Rgcc           1.454165e-46 -1.4087985 0.155 0.671  1.624884e-42
Cd81           2.171371e-46 -0.5668518 0.669 0.893  2.426290e-42
Ppfibp1        2.547206e-46  1.0099408 0.645 0.167  2.846248e-42
Ehd4           2.864190e-46 -1.4025021 0.167 0.658  3.200446e-42
Sema3d         6.692081e-45  1.1249799 0.299 0.011  7.477731e-41
Tmem176b       1.142556e-44 -1.4693545 0.120 0.621  1.276692e-40
Kcnj8          1.239999e-44  1.1256122 0.307 0.014  1.385575e-40
Zfp36          1.555497e-44 -0.8909727 0.506 0.801  1.738112e-40
Junb           2.014660e-44 -0.6979102 0.649 0.866  2.251182e-40
Mrc1           4.841739e-44  1.0936492 0.299 0.012  5.410159e-40
F2rl1          4.841739e-44  1.0843781 0.299 0.012  5.410159e-40
Marcksl1       6.246781e-44  1.1427613 0.406 0.051  6.980153e-40
Id1            1.622083e-43 -1.3319745 0.187 0.664  1.812515e-39
Gm21541        2.932051e-43  1.0971477 0.303 0.015  3.276274e-39
Olfm1          3.610672e-43  1.1067767 0.283 0.010  4.034564e-39
Kbtbd11        5.290171e-43  1.0954534 0.303 0.015  5.911237e-39
Aqp1           7.423789e-43  0.6233592 0.984 0.591  8.295341e-39
Scn1b          8.171529e-42  0.9434761 0.653 0.209  9.130866e-38
Marcks         2.510099e-41  0.9020594 0.721 0.248  2.804785e-37
Mical2         4.243064e-41  1.1154869 0.359 0.039  4.741200e-37
Srgn           5.293665e-41 -1.1841479 0.175 0.661  5.915141e-37
Tshz2          6.370053e-41  0.8104395 0.821 0.328  7.117898e-37
Scarb1         4.419592e-40 -1.4511511 0.092 0.571  4.938452e-36
Add3           4.783913e-40  1.1088686 0.390 0.054  5.345545e-36
Gucy1a3        8.983183e-40  1.1376038 0.410 0.065  1.003781e-35
Cd36           2.735094e-39 -1.1828015 0.231 0.669  3.056194e-35
Dmtn           2.798719e-39  1.0189651 0.343 0.036  3.127289e-35
Loxl2          4.658071e-39  1.0273646 0.295 0.019  5.204929e-35
Lims2          8.820283e-39 -1.4104855 0.084 0.563  9.855785e-35
Apba2          1.074823e-38  1.0944629 0.271 0.014  1.201007e-34
Car2           1.414176e-38  1.0187925 0.259 0.010  1.580200e-34
Fth1           1.446743e-38  0.3079942 0.976 0.871  1.616590e-34
Nkx2-3         1.606963e-38 -1.4927255 0.068 0.550  1.795620e-34
Jun            1.955824e-38 -0.7294100 0.562 0.819  2.185437e-34
Map4k2         4.202044e-38  1.0306041 0.434 0.077  4.695364e-34
Tm4sf1         7.695288e-38 -0.5953677 0.641 0.855  8.598715e-34
Hist1h2bc      2.515191e-37  0.8722602 0.665 0.217  2.810475e-33
Creb5          3.052020e-37  1.0627380 0.303 0.026  3.410327e-33
Zbp1           1.038964e-36  1.0446209 0.335 0.040  1.160939e-32
Sox17          2.550132e-36 -1.2942920 0.127 0.581  2.849518e-32
Gypc           3.411457e-36  1.0083271 0.359 0.048  3.811963e-32
Lims1          3.965057e-36  0.8624116 0.641 0.220  4.430555e-32
Tppp3          5.151204e-36  0.8595199 0.701 0.318  5.755955e-32
Ptpn18         5.865039e-36  0.9116128 0.582 0.180  6.553595e-32
Crip1          2.731372e-35 -0.7263943 0.534 0.791  3.052036e-31
Kctd12         2.868480e-35  0.9511250 0.542 0.152  3.205239e-31
Fos            4.066626e-35 -0.6803776 0.637 0.838  4.544048e-31
Igfbp5         4.687320e-35  1.1889710 0.251 0.014  5.237612e-31
Tmod2          6.067506e-35  1.0281804 0.327 0.040  6.779831e-31
Pltp           6.119186e-35 -1.3899163 0.092 0.531  6.837579e-31
Tmem176a       7.673862e-35 -1.2608825 0.135 0.577  8.574773e-31
Ptpn14         9.080377e-35  0.9960615 0.462 0.105  1.014641e-30
Rasgrp2        1.171298e-34  0.9292934 0.538 0.148  1.308809e-30
Ift43          1.175826e-34  0.9442539 0.335 0.043  1.313868e-30
Ifitm2         5.255412e-34 -0.2894716 0.876 0.945  5.872397e-30
Prss23         6.500131e-34  0.5869424 0.876 0.526  7.263246e-30
Btg2           7.913739e-34 -0.9363484 0.327 0.703  8.842812e-30
Dapk2          8.255757e-34  0.9076521 0.418 0.080  9.224983e-30
Col18a1        8.909794e-34  1.0002171 0.307 0.035  9.955804e-30
Rapgef4        2.328615e-33 -1.5446886 0.020 0.443  2.601994e-29
Itga9          3.331889e-33  0.9214231 0.279 0.025  3.723053e-29
Ptgfrn         4.172285e-33  1.0229200 0.335 0.048  4.662112e-29
Ndrg2          4.502073e-33  1.0066728 0.251 0.017  5.030616e-29
Fmnl2          6.253883e-33  1.0163552 0.315 0.040  6.988089e-29
Ssbp2          1.981648e-32  0.8748184 0.275 0.025  2.214293e-28
Bcam           2.790454e-32 -1.2927697 0.072 0.506  3.118053e-28
Stt3b          2.856915e-32  0.9250956 0.514 0.148  3.192317e-28
Abhd17b        3.029766e-32  0.9472419 0.438 0.102  3.385461e-28
Ltbp4          4.074769e-32  0.5349713 0.944 0.611  4.553146e-28
Anxa3          5.051288e-32 -1.2551773 0.088 0.512  5.644309e-28
Fscn1          5.166076e-32  0.8951639 0.502 0.137  5.772574e-28
Tubb6          3.444593e-31  0.9033480 0.315 0.044  3.848988e-27
Acvrl1         5.202054e-31 -1.0375033 0.223 0.609  5.812775e-27
Lgals3         5.227998e-31  0.9740808 0.295 0.037  5.841765e-27
Cd93           6.437471e-31 -1.2015940 0.135 0.535  7.193230e-27
Tinagl1        7.960052e-31 -0.9963198 0.239 0.627  8.894562e-27
Hmcn1          1.208630e-30  0.9315566 0.259 0.024  1.350523e-26
Jam2           5.941528e-30 -1.3021596 0.060 0.462  6.639064e-26
Fabp5          6.403192e-30 -1.2283964 0.124 0.520  7.154926e-26
Ucp2           1.161826e-29  0.8516775 0.582 0.217  1.298225e-25
Nqo1           1.384337e-29  0.9005769 0.347 0.064  1.546858e-25
Arl4a          1.868393e-29  0.7998010 0.614 0.234  2.087743e-25
Comt           2.588869e-29  0.7379419 0.649 0.260  2.892802e-25
Pecam1         2.673215e-29 -0.4602961 0.705 0.888  2.987050e-25
Pbx1           4.060278e-29  0.8746905 0.406 0.094  4.536954e-25
Igfbp4         4.588664e-29  0.5692128 0.880 0.483  5.127373e-25
Vwa1           5.684702e-29 -1.0641982 0.179 0.568  6.352086e-25
Gprc5b         6.120138e-29  0.8687948 0.343 0.061  6.838642e-25
Aplp2          6.147196e-29  0.4415295 0.940 0.678  6.868877e-25
Ehd1           7.300449e-29  0.8333040 0.490 0.138  8.157521e-25
Cyyr1          1.078999e-28 -1.0413579 0.179 0.574  1.205674e-24
Mecom          1.247630e-28 -1.4552883 0.016 0.391  1.394102e-24
Calm1          1.651936e-28 -0.2597296 0.888 0.934  1.845874e-24
Acsf2          1.931882e-28  0.8841579 0.303 0.046  2.158685e-24
Tcn2           2.267169e-28  0.7316615 0.645 0.267  2.533335e-24
Tpcn1          3.247808e-28  0.9490685 0.327 0.058  3.629101e-24
Ier3           4.165289e-28 -0.8745091 0.355 0.668  4.654294e-24
Cpne2          1.061282e-27  0.8802703 0.311 0.051  1.185877e-23
Ace            1.195129e-27 -1.1664578 0.139 0.519  1.335437e-23
Nxn            1.319192e-27  0.8011656 0.534 0.184  1.474065e-23
Palm           2.502653e-27  0.8158323 0.542 0.180  2.796464e-23
Ctsd           3.318760e-27  0.6426166 0.741 0.376  3.708383e-23
Lrrc8c         4.471264e-27 -1.2451265 0.080 0.452  4.996191e-23
Clec14a        4.531311e-27 -1.1469414 0.108 0.485  5.063287e-23
Mndal          6.816386e-27 -1.2933094 0.048 0.416  7.616630e-23
Cyb5r3         9.914422e-27  0.5842395 0.785 0.441  1.107838e-22
Fn1            1.305357e-26  0.9390014 0.351 0.076  1.458606e-22
Col15a1        1.358007e-26 -1.2476645 0.076 0.447  1.517438e-22
Mast4          1.484930e-26 -0.9742334 0.215 0.581  1.659260e-22
Arid5b         2.070756e-26 -1.3398995 0.024 0.378  2.313863e-22
Timp3          3.435040e-26  0.3912929 0.992 0.752  3.838314e-22
Ptprb          4.218654e-26 -0.2914802 0.869 0.946  4.713924e-22
Raph1          6.563962e-26  0.9253507 0.347 0.077  7.334571e-22
Ifi203         7.476297e-26 -1.2689833 0.044 0.405  8.354015e-22
Gadd45g        7.954885e-26 -0.9679771 0.263 0.596  8.888789e-22
S100a6         1.895216e-25  0.6479340 0.717 0.335  2.117715e-21
Apbb2          4.292178e-25 -1.1903947 0.092 0.445  4.796080e-21
Dusp1          6.209693e-25 -0.5414454 0.606 0.808  6.938711e-21
Arhgdib        7.403836e-25  0.8354651 0.347 0.080  8.273047e-21
Fam189a2       1.189766e-24  0.8514879 0.263 0.040  1.329444e-20
Myzap          1.245347e-24  0.8626530 0.323 0.068  1.391550e-20
Tcf15          1.599133e-24 -1.0061810 0.175 0.524  1.786871e-20
Mcf2l          1.810273e-24 -1.2950567 0.032 0.369  2.022799e-20
8430408G22Rik  3.677416e-24 -0.7574704 0.442 0.690  4.109145e-20
Ebf1           4.261901e-24 -0.8311280 0.279 0.620  4.762248e-20
Arhgap31       4.444615e-24 -0.6970789 0.410 0.696  4.966413e-20
Ccnd2          5.060245e-24  0.7322870 0.578 0.252  5.654318e-20
Zfhx3          1.577812e-23  0.8011496 0.363 0.093  1.763047e-19
Plcb1          2.769494e-23 -1.1096086 0.068 0.418  3.094632e-19
Grrp1          3.036859e-23 -0.8035673 0.267 0.598  3.393386e-19
Pmepa1         3.132617e-23  0.7845724 0.426 0.130  3.500386e-19
C1qtnf9        3.510362e-23 -1.2612608 0.048 0.376  3.922479e-19
Lama4          3.675403e-23  0.6944116 0.602 0.250  4.106895e-19
Kitl           5.054698e-23 -1.2260088 0.052 0.380  5.648119e-19
Tspan13        5.441722e-23 -0.6035902 0.502 0.730  6.080580e-19
Slc3a2         5.722003e-23 -0.8844985 0.243 0.553  6.393766e-19
Socs3          7.696039e-23 -0.9963904 0.235 0.544  8.599554e-19
Ctla2a         1.447283e-22 -0.7092815 0.406 0.660  1.617194e-18
Ptprg          2.234467e-22 -1.2515113 0.028 0.339  2.496793e-18
Lgmn           2.944754e-22  0.7503279 0.398 0.118  3.290468e-18
Col4a2         4.879942e-22 -0.7754023 0.331 0.610  5.452847e-18
Eng            7.786327e-22 -0.4469504 0.653 0.840  8.700442e-18
Adgrg1         1.086624e-21 -1.1180422 0.060 0.376  1.214193e-17
Tsc22d1        2.116905e-21 -0.4020859 0.709 0.816  2.365430e-17
Plk2           2.202319e-21 -0.6706924 0.450 0.675  2.460871e-17
Tmem88         2.711371e-21 -0.7076494 0.331 0.615  3.029686e-17
Thbd           3.192599e-21 -0.7367179 0.327 0.635  3.567410e-17
Edn1           5.250271e-21 -1.3596781 0.028 0.324  5.866653e-17
Adam15         6.671220e-21 -0.9766378 0.139 0.462  7.454421e-17
Adgrl4         1.010337e-20 -0.8657709 0.195 0.519  1.128950e-16
Dlc1           1.217043e-20 -0.9271857 0.171 0.492  1.359924e-16
Apoe           1.252706e-20 -1.1282985 0.084 0.391  1.399774e-16
Shc1           1.273793e-20  0.8052029 0.291 0.068  1.423337e-16
Tgfb1          1.358684e-20  0.6376231 0.610 0.290  1.518193e-16
Gng11          1.672180e-20  0.2939844 0.956 0.791  1.868494e-16
Plpp3          1.855451e-20 -0.5106307 0.566 0.751  2.073281e-16
Ablim1         2.125613e-20 -1.1398971 0.052 0.350  2.375160e-16
Gm9844         2.776895e-20  0.6631232 0.534 0.225  3.102903e-16
BC028528       4.221757e-20 -0.9694346 0.143 0.445  4.717391e-16
Nr4a1          4.334340e-20 -1.0220090 0.143 0.450  4.843191e-16
Car4           4.497460e-20 -1.0398323 0.159 0.455  5.025462e-16
Slco2a1        4.697776e-20 -1.1407906 0.100 0.397  5.249295e-16
Egr1           4.834068e-20 -0.6200418 0.510 0.712  5.401588e-16
Clic4          5.225645e-20 -0.8100220 0.247 0.545  5.839136e-16
Tmem255b       5.717828e-20 -1.0158233 0.056 0.358  6.389101e-16
Bok            6.024703e-20  0.7177680 0.371 0.111  6.732003e-16
Trim47         6.671421e-20 -0.9958770 0.116 0.423  7.454645e-16
Vwf            1.049274e-19 -1.0576283 0.100 0.407  1.172459e-15
Ncoa7          1.096187e-19 -1.0049837 0.127 0.433  1.224879e-15
Atf3           1.231987e-19 -0.7963242 0.382 0.596  1.376622e-15
Exoc3l2        1.367089e-19 -1.1929522 0.036 0.318  1.527585e-15
Mcam           1.393116e-19 -1.1293519 0.040 0.329  1.556667e-15
Ptprr          1.443348e-19 -1.0502392 0.064 0.360  1.612797e-15
Rps7           1.503650e-19 -0.2918738 0.773 0.870  1.680178e-15
Cd24a          1.566270e-19  0.6208412 0.602 0.272  1.750150e-15
Cdk6           1.765197e-19  0.7444279 0.291 0.069  1.972431e-15
Rhoj           2.390293e-19  0.5888414 0.625 0.295  2.670913e-15
Mgat4b         2.394438e-19  0.7115383 0.303 0.075  2.675545e-15
Aplnr          2.694004e-19 -1.2049307 0.048 0.331  3.010280e-15
Arl6ip5        2.887948e-19 -0.6896299 0.327 0.589  3.226993e-15
S100a11        3.225576e-19  0.3805238 0.896 0.646  3.604259e-15
Nfix           4.356022e-19  0.7789284 0.271 0.062  4.867419e-15
Sh3glb2        4.724219e-19  0.6464960 0.450 0.163  5.278843e-15
Nfia           5.051319e-19  0.7120549 0.494 0.201  5.644343e-15
Pros1          6.233946e-19  0.6912761 0.414 0.145  6.965812e-15
Cyr61          6.577538e-19 -0.8524577 0.247 0.527  7.349741e-15
Pura           6.803101e-19  0.5873520 0.558 0.241  7.601785e-15
Plscr3         9.034113e-19  0.6760566 0.351 0.105  1.009472e-14
Tspan7         1.057667e-18 -1.0831015 0.088 0.368  1.181837e-14
Cyb5a          1.221098e-18  0.4441438 0.773 0.513  1.364454e-14
AU021092       1.387968e-18 -1.1014616 0.024 0.296  1.550915e-14
Tpd52          1.805787e-18  0.6798915 0.303 0.077  2.017787e-14
Plscr2         1.962049e-18 -1.1254949 0.024 0.292  2.192394e-14
Abcb1a         2.318783e-18 -1.1724733 0.012 0.271  2.591008e-14
Cped1          2.393361e-18  0.7533080 0.275 0.065  2.674342e-14
Gadd45a        5.199488e-18  0.7178965 0.279 0.069  5.809908e-14
Cdkn1a         6.822906e-18 -0.8497350 0.183 0.474  7.623915e-14
Zcchc14        7.352779e-18  0.6970475 0.335 0.101  8.215995e-14
Pim3           8.313868e-18 -0.7280950 0.299 0.564  9.289916e-14
Sgk1           8.519385e-18 -0.8183364 0.219 0.510  9.519561e-14
Nfat5          1.127568e-17  0.6216610 0.506 0.212  1.259944e-13
Atox1          1.380745e-17 -0.3786399 0.665 0.811  1.542845e-13
Casp12         1.849169e-17  0.7509194 0.291 0.079  2.066262e-13
Ctsb           2.489089e-17  0.4275679 0.777 0.502  2.781308e-13
Bhlhe40        2.766203e-17 -0.8020607 0.215 0.490  3.090955e-13
Tgfbr2         2.901275e-17  0.4801097 0.753 0.423  3.241885e-13
Jund           3.121309e-17 -0.4439013 0.633 0.765  3.487750e-13
Degs1          4.109996e-17  0.5495585 0.610 0.308  4.592509e-13
Glul           4.920747e-17 -0.9737904 0.127 0.401  5.498443e-13
Heg1           7.046196e-17 -0.8927285 0.147 0.429  7.873420e-13
Btg1           8.293483e-17 -0.6267201 0.347 0.598  9.267138e-13
Itga6          8.341572e-17 -0.9275184 0.108 0.380  9.320872e-13
Pdgfb          1.536711e-16 -1.0923886 0.024 0.268  1.717121e-12
Scgb3a1        1.654847e-16 -0.9532250 0.251 0.485  1.849126e-12
Thrsp          2.031397e-16 -0.8811284 0.155 0.425  2.269883e-12
Ppp1r15a       2.116665e-16 -0.9706808 0.108 0.368  2.365162e-12
Cnn3           2.118333e-16  0.4638099 0.729 0.454  2.367025e-12
Plscr1         2.257402e-16 -1.0246498 0.016 0.253  2.522421e-12
Stat1          2.434759e-16  0.6427757 0.410 0.158  2.720600e-12
Tmem252        3.278317e-16 -1.0723489 0.052 0.303  3.663191e-12
Man1a          3.735662e-16  0.6938405 0.311 0.097  4.174229e-12
Klf13          3.995384e-16 -0.7028421 0.255 0.526  4.464442e-12
Rapgef3        4.999337e-16 -1.0133856 0.040 0.288  5.586259e-12
Srpk2          7.618232e-16  0.6681251 0.335 0.112  8.512612e-12
Slc6a6         9.574687e-16 -0.9690481 0.088 0.350  1.069876e-11
Tgm2           9.862556e-16  0.4726394 0.693 0.389  1.102042e-11
1110008P14Rik  1.000004e-15  0.5911491 0.319 0.097  1.117405e-11
Lyn            1.130163e-15  0.6050942 0.410 0.158  1.262845e-11
Calr           1.173623e-15  0.3822586 0.801 0.560  1.311406e-11
Klf4           1.483787e-15 -0.6406377 0.355 0.596  1.657984e-11
Gls            1.706071e-15  0.6189335 0.331 0.109  1.906364e-11
Homer3         3.134937e-15  0.6207228 0.259 0.069  3.502978e-11
Pcdh17         3.326698e-15 -1.0264734 0.028 0.257  3.717252e-11
Rasa4          3.392134e-15 -0.8942712 0.139 0.400  3.790371e-11
Cdc42ep3       3.605697e-15 -1.0024628 0.044 0.281  4.029006e-11
Galnt18        4.135279e-15  0.6187162 0.386 0.149  4.620761e-11
Sash1          4.598538e-15  0.6535700 0.418 0.173  5.138406e-11
Lrrfip1        5.356564e-15  0.5374224 0.538 0.271  5.985424e-11
Slco3a1        5.585959e-15  0.5522617 0.359 0.127  6.241750e-11
Actr2          5.604021e-15  0.5449148 0.518 0.235  6.261933e-11
Itpkb          5.710615e-15 -0.7186854 0.239 0.502  6.381041e-11
Hjurp          6.186187e-15  0.6073456 0.311 0.101  6.912445e-11
Ppp2r5a        6.561661e-15  0.5758547 0.434 0.178  7.332000e-11
Sat1           6.954259e-15 -0.7371809 0.251 0.501  7.770689e-11
Serpinh1       1.188692e-14 -0.3851309 0.598 0.750  1.328244e-10
Pald1          1.206782e-14  0.6775087 0.287 0.089  1.348458e-10
H2-T23         1.488596e-14  0.4747867 0.673 0.385  1.663357e-10
Mgll           1.637343e-14 -0.3702992 0.641 0.752  1.829567e-10
Ptms           2.222081e-14  0.3772097 0.797 0.548  2.482953e-10
Ldha           2.301200e-14 -0.6021923 0.331 0.548  2.571361e-10
Smad7          3.226926e-14 -0.9474623 0.044 0.274  3.605767e-10
Podxl          3.796044e-14 -0.4984137 0.486 0.679  4.241700e-10
Ndrg1          3.863103e-14  0.4903973 0.645 0.355  4.316631e-10
Tns1           5.741579e-14  0.4497051 0.665 0.367  6.415640e-10
Ceacam1        6.074858e-14 -0.9009768 0.040 0.263  6.788046e-10
Atp2a2         6.871721e-14  0.6105874 0.367 0.145  7.678461e-10
Hspg2          7.824557e-14 -0.6421947 0.291 0.550  8.743160e-10
Hlx            8.020212e-14 -0.9164616 0.064 0.292  8.961785e-10
Fam174b        8.615663e-14  0.6184889 0.363 0.142  9.627142e-10
Col4a1         8.692100e-14 -0.4317082 0.574 0.726  9.712552e-10
9-Sep          9.263312e-14  0.5739990 0.371 0.145  1.035082e-09
Rnd1           9.458120e-14 -0.7888304 0.251 0.465  1.056850e-09
Lmo2           9.587139e-14  0.5144769 0.506 0.249  1.071267e-09
Plat           9.656732e-14 -0.9624865 0.056 0.274  1.079043e-09
Dock6          1.199937e-13  0.5651735 0.406 0.176  1.340810e-09
Myct1          1.350074e-13 -0.5893559 0.323 0.542  1.508572e-09
Ube2g2         1.538615e-13  0.5812289 0.367 0.145  1.719248e-09
Rdx            2.070465e-13 -0.5113526 0.430 0.611  2.313538e-09
Lipe           3.563870e-13 -0.9349574 0.052 0.266  3.982268e-09
Adrb2          3.737328e-13  0.6509903 0.275 0.091  4.176091e-09
Esm1           4.020124e-13 -0.9604677 0.108 0.328  4.492087e-09
Gm4951         4.058311e-13  0.6261552 0.287 0.098  4.534757e-09
Fam129b        4.413273e-13 -0.8706571 0.048 0.259  4.931391e-09
Ndufa4         5.594014e-13 -0.5252447 0.375 0.574  6.250752e-09
Smad1          6.086659e-13  0.5373577 0.418 0.185  6.801232e-09
Clu            6.980601e-13 -0.8931969 0.143 0.360  7.800124e-09
Smtn           7.024644e-13  0.4871855 0.375 0.149  7.849338e-09
Map3k1         7.533792e-13  0.6212635 0.315 0.118  8.418259e-09
Lhfpl2         8.250481e-13  0.5755269 0.259 0.082  9.219087e-09
Pls3           8.331936e-13 -0.7348721 0.167 0.402  9.310105e-09
Ier5           8.550371e-13 -0.5609302 0.367 0.562  9.554185e-09
Apold1         8.848644e-13 -0.5127810 0.478 0.625  9.887475e-09
Cox17          9.097712e-13  0.4229289 0.657 0.393  1.016578e-08
Mkl2           9.172036e-13 -0.8495052 0.072 0.290  1.024883e-08
Arhgap29       9.432544e-13  0.4759194 0.582 0.314  1.053992e-08
Cd47           1.273011e-12  0.3509580 0.805 0.574  1.422463e-08
Nfkbia         1.372708e-12 -0.3692725 0.681 0.759  1.533864e-08
S100a1         1.677083e-12 -0.8362457 0.096 0.307  1.873973e-08
Fundc2         1.788825e-12  0.5588275 0.319 0.120  1.998833e-08
Pear1          1.821152e-12  0.5960440 0.303 0.112  2.034956e-08
Amotl1         1.965319e-12  0.5302112 0.375 0.154  2.196047e-08
Apc            2.125627e-12  0.6013170 0.267 0.090  2.375175e-08
Vat1           2.232519e-12 -0.6776192 0.203 0.434  2.494616e-08
Nudt4          3.141122e-12  0.4834398 0.450 0.213  3.509890e-08
Add1           3.318333e-12  0.5996619 0.307 0.119  3.707905e-08
Ddah2          3.553691e-12 -0.7627433 0.116 0.336  3.970894e-08
Ipo11          3.770189e-12  0.5762499 0.331 0.133  4.212810e-08
Cd164          3.829282e-12  0.5267190 0.410 0.187  4.278839e-08
Mfge8          4.259507e-12  0.3627366 0.753 0.527  4.759573e-08
B4galt4        4.493774e-12 -0.8441794 0.060 0.263  5.021343e-08
Ahr            5.433625e-12  0.5766489 0.371 0.165  6.071532e-08
Prdx5          5.502664e-12  0.5258837 0.378 0.166  6.148677e-08
2010107E04Rik  6.944170e-12  0.4475966 0.546 0.285  7.759415e-08
Esyt2          7.157208e-12  0.5701108 0.279 0.100  7.997465e-08
Limch1         9.361772e-12 -0.8165213 0.056 0.256  1.046084e-07
Glud1          1.052439e-11  0.5077998 0.442 0.220  1.175996e-07
Elf1           1.158358e-11 -0.7221128 0.139 0.355  1.294349e-07
Upp1           1.270332e-11 -0.7454026 0.060 0.263  1.419469e-07
Lifr           1.285907e-11 -0.8413620 0.096 0.297  1.436873e-07
Mospd2         1.427193e-11  0.5635421 0.323 0.130  1.594745e-07
Rasip1         1.637825e-11 -0.5455883 0.315 0.537  1.830106e-07
Sult1a1        2.565734e-11  0.4770709 0.394 0.174  2.866951e-07
Slfn2          2.596301e-11  0.5212421 0.315 0.126  2.901107e-07
Midn           2.784283e-11 -0.7255642 0.112 0.322  3.111158e-07
Spint2         2.866245e-11  0.5051056 0.299 0.115  3.202742e-07
Bloc1s1        3.032542e-11  0.4528259 0.478 0.245  3.388563e-07
Aprt           4.093783e-11  0.4762798 0.359 0.152  4.574393e-07
Scd2           5.210934e-11  0.5694458 0.259 0.094  5.822698e-07
Ppp1r2         5.577216e-11  0.3579432 0.773 0.524  6.231981e-07
Fcgrt          5.977010e-11  0.4463638 0.534 0.288  6.678711e-07
Pla2g16        7.056224e-11  0.4659077 0.422 0.201  7.884625e-07
Pacsin2        1.324830e-10  0.5070980 0.287 0.111  1.480365e-06
Pdzd2          1.349195e-10 -0.8394880 0.072 0.259  1.507591e-06
Ece1           1.371812e-10  0.3549640 0.749 0.512  1.532862e-06
Meis2          1.629333e-10  0.4446114 0.466 0.245  1.820617e-06
Pam            1.677297e-10  0.5299186 0.367 0.174  1.874212e-06
Vamp5          1.699776e-10 -0.5063932 0.343 0.528  1.899330e-06
Dennd5b        1.727240e-10 -0.7377177 0.064 0.253  1.930018e-06
Dab2           1.800830e-10  0.4476909 0.494 0.266  2.012247e-06
Chchd10        1.854410e-10  0.5102133 0.351 0.156  2.072118e-06
Emcn           1.928997e-10 -0.2659595 0.713 0.776  2.155461e-06
Slc43a3        2.191013e-10 -0.4402287 0.442 0.602  2.448237e-06
Epb41l2        2.198509e-10  0.4792345 0.351 0.156  2.456614e-06
Fxyd5          2.277288e-10 -0.5260282 0.319 0.506  2.544642e-06
Irf2bpl        2.582561e-10 -0.6291157 0.191 0.396  2.885753e-06
Wnk1           3.023840e-10  0.4534069 0.546 0.311  3.378839e-06
Smco4          3.069665e-10 -0.6860991 0.163 0.360  3.430044e-06
Meox1          3.151586e-10  0.4586584 0.418 0.202  3.521582e-06
Gm9493         3.949779e-10 -0.3036944 0.598 0.697  4.413483e-06
Adgrf5         3.996902e-10 -0.3858524 0.506 0.664  4.466138e-06
Rab11a         4.132387e-10  0.2911156 0.809 0.600  4.617529e-06
Pqlc1          4.759421e-10 -0.7424521 0.104 0.290  5.318177e-06
Mbd2           4.877396e-10  0.5232200 0.287 0.119  5.450002e-06
Snrpb2         5.021760e-10  0.5267618 0.347 0.162  5.611315e-06
Ctsz           5.235588e-10 -0.6514592 0.159 0.358  5.850246e-06
Cdc42ep1       5.254678e-10 -0.7492509 0.080 0.260  5.871577e-06
Ncl            5.479236e-10  0.4444647 0.494 0.270  6.122498e-06
Dab2ip         5.501785e-10 -0.7139382 0.096 0.285  6.147695e-06
Adamts1        5.625415e-10 -0.8404018 0.084 0.259  6.285839e-06
Mpzl1          5.664885e-10 -0.6859378 0.100 0.288  6.329943e-06
Phc2           5.737645e-10  0.5013988 0.307 0.130  6.411244e-06
Sorbs2         6.567887e-10 -0.7843354 0.100 0.282  7.338957e-06
Rbp1           7.747167e-10  0.4997458 0.291 0.124  8.656684e-06
Anxa1          9.432717e-10  0.4970459 0.287 0.119  1.054012e-05
Hoxa7          9.546021e-10  0.4711651 0.267 0.104  1.066672e-05
Calm2          1.080163e-09  0.2745945 0.817 0.625  1.206974e-05
Adcy4          1.144424e-09 -0.6869393 0.116 0.303  1.278780e-05
Rbms1          1.197725e-09  0.3395589 0.749 0.480  1.338337e-05
Orai1          1.593731e-09 -0.6222587 0.183 0.378  1.780835e-05
Gata2          1.916688e-09 -0.7347078 0.084 0.259  2.141707e-05
Ap2a2          2.049961e-09  0.5310626 0.287 0.123  2.290626e-05
Clca3a1        2.117987e-09 -0.7234608 0.088 0.267  2.366639e-05
Mall           2.223511e-09  0.4011485 0.498 0.268  2.484551e-05
Gja1           2.400966e-09  0.4241897 0.498 0.285  2.682839e-05
Foxo1          2.402468e-09  0.4353040 0.406 0.206  2.684517e-05
Qk             2.542106e-09  0.3858288 0.522 0.288  2.840549e-05
Lamp2          2.657247e-09  0.3817397 0.538 0.321  2.969208e-05
Sema6a         3.356072e-09  0.4257189 0.462 0.252  3.750075e-05
Tra2b          3.391324e-09 -0.4902121 0.307 0.492  3.789465e-05
Unc5b          3.498517e-09  0.3974709 0.355 0.163  3.909242e-05
Lgals8         3.619169e-09  0.5218440 0.275 0.118  4.044059e-05
Arrb1          3.775472e-09  0.4242705 0.363 0.174  4.218712e-05
Gas6           3.785236e-09  0.3536766 0.657 0.451  4.229623e-05
Etnk1          3.927176e-09  0.4946358 0.327 0.155  4.388227e-05
Il4ra          4.380973e-09 -0.7190045 0.092 0.263  4.895299e-05
Ctnnbip1       5.281620e-09 -0.7223880 0.088 0.254  5.901682e-05
Ccnd1          6.072360e-09  0.4879273 0.351 0.173  6.785255e-05
Gimap6         6.374888e-09 -0.3063147 0.578 0.703  7.123300e-05
Notch1         6.865655e-09  0.3818179 0.514 0.300  7.671683e-05
Ppp1r9b        6.977268e-09  0.4518636 0.339 0.160  7.796399e-05
Ptp4a3         7.686472e-09 -0.5992996 0.199 0.375  8.588864e-05
Rassf3         9.504437e-09  0.4106295 0.315 0.140  1.062026e-04
Dynll2         9.975504e-09  0.4652589 0.283 0.123  1.114663e-04
11-Sep         1.138196e-08  0.4297263 0.359 0.174  1.271820e-04
Hist3h2a       1.201655e-08  0.5169121 0.275 0.124  1.342730e-04
Actn1          1.274345e-08  0.4059932 0.335 0.158  1.423953e-04
Tnfaip8l1      1.372493e-08  0.4131061 0.271 0.113  1.533624e-04
Psmb9          1.488431e-08  0.3889504 0.514 0.310  1.663173e-04
Ndufs8         1.496949e-08  0.4076305 0.418 0.224  1.672691e-04
Lgals3bp       1.578048e-08  0.4715778 0.311 0.144  1.763311e-04
Dock9          1.586185e-08  0.4217179 0.418 0.224  1.772403e-04
Asap1          1.602109e-08  0.4276736 0.347 0.170  1.790197e-04
Luzp1          1.803959e-08 -0.5052185 0.239 0.426  2.015744e-04
Trim12a        2.168558e-08  0.4009923 0.271 0.116  2.423147e-04
Dstn           3.179765e-08  0.3333800 0.661 0.458  3.553070e-04
Vsir           3.395474e-08  0.4110665 0.299 0.136  3.794102e-04
Sipa1          3.435662e-08  0.4290286 0.355 0.180  3.839009e-04
Anxa5          4.065406e-08  0.2856154 0.733 0.521  4.542685e-04
Arhgef15       4.267036e-08 -0.5413796 0.203 0.382  4.767986e-04
Jup            4.272973e-08  0.3670314 0.518 0.307  4.774620e-04
Cdh5           4.288338e-08 -0.2653721 0.665 0.768  4.791789e-04
Lima1          5.060863e-08 -0.6336527 0.127 0.288  5.655009e-04
Yes1           5.258236e-08  0.4370787 0.367 0.192  5.875553e-04
Lrg1           5.553177e-08  0.3289455 0.279 0.122  6.205120e-04
Fryl           5.585503e-08 -0.6412554 0.112 0.277  6.241241e-04
Scarb2         6.368890e-08  0.4574793 0.327 0.165  7.116598e-04
Tek            6.410426e-08 -0.5231157 0.235 0.405  7.163010e-04
Mef2c          8.920118e-08 -0.4321295 0.371 0.537  9.967340e-04
Lpar6          1.185435e-07 -0.5862740 0.131 0.290  1.324605e-03
Smdt1          1.456807e-07  0.3215537 0.625 0.422  1.627836e-03
Pgm1           1.468328e-07  0.3850230 0.291 0.137  1.640710e-03
Anxa6          1.524021e-07  0.3618570 0.363 0.184  1.702941e-03
Ndufa11        1.659211e-07  0.3715106 0.442 0.261  1.854002e-03
Ndufc2         1.766956e-07  0.3090153 0.637 0.430  1.974397e-03
Reep5          1.786271e-07  0.3343653 0.534 0.320  1.995979e-03
Nfkbiz         1.796794e-07 -0.5839108 0.159 0.325  2.007738e-03
Capns1         1.822141e-07  0.2625140 0.765 0.571  2.036060e-03
Polr2f         1.841132e-07  0.3423722 0.474 0.275  2.057280e-03
Chst15         1.843225e-07  0.4407868 0.339 0.178  2.059619e-03
Ppp3ca         2.116928e-07  0.3858520 0.422 0.243  2.365455e-03
Pde2a          2.446473e-07  0.3468671 0.526 0.326  2.733689e-03
Calu           2.588154e-07  0.4023233 0.359 0.194  2.892004e-03
Gng12          2.633936e-07  0.3943523 0.398 0.223  2.943161e-03
Atp6v1d        3.158249e-07  0.4158895 0.255 0.118  3.529027e-03
Aldh2          3.178539e-07 -0.4600562 0.251 0.415  3.551700e-03
Adprh          3.232647e-07  0.4074604 0.271 0.127  3.612159e-03
Tifa           3.476007e-07  0.3835158 0.255 0.115  3.884090e-03
Ghitm          3.713322e-07  0.4047126 0.363 0.196  4.149266e-03
Fosb           3.794863e-07 -0.6689043 0.139 0.292  4.240380e-03
Mtch1          4.315414e-07  0.3769812 0.402 0.232  4.822043e-03
Nr3c1          5.094718e-07  0.3801944 0.474 0.292  5.692837e-03
Anp32a         5.125363e-07 -0.3305669 0.490 0.584  5.727081e-03
Ndufb2         5.175879e-07  0.3640480 0.418 0.238  5.783527e-03
Ndufs6         5.348429e-07  0.3635216 0.434 0.263  5.976334e-03
Rnaset2b       5.417176e-07 -0.5227747 0.203 0.346  6.053152e-03
Nrip1          5.611753e-07  0.4016153 0.319 0.166  6.270573e-03
Rpl22l1        5.706924e-07 -0.3286353 0.486 0.588  6.376916e-03
Socs2          6.485138e-07 -0.5353791 0.211 0.357  7.246493e-03
Cmtm3          7.013196e-07  0.4153397 0.275 0.137  7.836545e-03
Nck1           7.138167e-07 -0.4922614 0.175 0.328  7.976188e-03
Dnaja1         8.506723e-07 -0.2517028 0.610 0.683  9.505413e-03
Anapc11        9.388813e-07  0.3320805 0.466 0.285  1.049106e-02
Ifi44          9.750184e-07  0.4249219 0.255 0.122  1.089486e-02
Gimap1         1.042515e-06 -0.4776358 0.255 0.401  1.164906e-02
Atp2b1         1.068532e-06  0.3325837 0.410 0.232  1.193978e-02
Rer1           1.138633e-06  0.3350852 0.442 0.266  1.272309e-02
Ifit3          1.177249e-06  0.4208607 0.271 0.133  1.315458e-02
Iqgap1         1.269272e-06 -0.4433842 0.279 0.427  1.418284e-02
Phb            1.640169e-06  0.4001558 0.307 0.162  1.832725e-02
Clec2d         1.768345e-06 -0.4510012 0.299 0.441  1.975949e-02
Hspa1b         1.801998e-06  0.3890554 0.255 0.126  2.013553e-02
Zfand5         1.805473e-06 -0.4676752 0.211 0.355  2.017436e-02
Xiap           1.951831e-06  0.3380709 0.386 0.224  2.180975e-02
Tanc1          2.011404e-06 -0.5374726 0.143 0.289  2.247543e-02
Pcp4l1         2.113667e-06  0.2788643 0.574 0.365  2.361811e-02
Iscu           2.175083e-06  0.2958743 0.442 0.254  2.430438e-02
Wdr83os        2.190972e-06  0.3181355 0.319 0.167  2.448192e-02
Srsf5          2.308801e-06 -0.3595200 0.386 0.524  2.579854e-02
Ndufa5         2.462045e-06  0.3079986 0.502 0.320  2.751089e-02
Hipk1          2.486895e-06  0.3713388 0.335 0.184  2.778857e-02
Prnp           2.641408e-06 -0.5387288 0.131 0.263  2.951509e-02
Clstn1         2.662532e-06  0.4340351 0.291 0.159  2.975114e-02
Vasp           2.704078e-06 -0.5148424 0.131 0.272  3.021537e-02
Gbp7           2.876699e-06  0.3607114 0.375 0.221  3.214424e-02
Tecr           3.086968e-06  0.3069407 0.295 0.154  3.449378e-02
Rassf1         3.178500e-06 -0.4963588 0.215 0.351  3.551656e-02
Minos1         3.274966e-06  0.2861819 0.633 0.450  3.659447e-02
Adam10         3.569396e-06  0.2975125 0.359 0.201  3.988443e-02
Smpdl3a        3.823481e-06 -0.4822687 0.143 0.285  4.272357e-02
Irf1           3.891543e-06 -0.3828052 0.426 0.521  4.348410e-02
Pxn            3.998735e-06  0.3927618 0.331 0.189  4.468186e-02
Fkbp4          4.275644e-06 -0.4016896 0.327 0.450  4.777604e-02
Prex2          4.386888e-06 -0.3698389 0.414 0.503  4.901909e-02
Lrrc8a         4.781756e-06 -0.4454239 0.259 0.396  5.343135e-02
Luc7l2         5.271172e-06  0.3104816 0.498 0.320  5.890008e-02
Polr2k         5.298435e-06  0.3110568 0.375 0.217  5.920472e-02
Acer2          5.958279e-06  0.3452426 0.291 0.154  6.657781e-02
Trmt112        6.076349e-06  0.3760307 0.319 0.180  6.789712e-02
Dhrs3          6.650258e-06  0.2803888 0.566 0.375  7.430998e-02
Rock2          6.698220e-06  0.3587410 0.303 0.165  7.484591e-02
Ppp1r12a       7.300658e-06 -0.4955135 0.124 0.254  8.157755e-02
Tspan12        7.486064e-06 -0.4430375 0.191 0.340  8.364928e-02
Rps27l         8.383441e-06  0.2646682 0.622 0.430  9.367657e-02
Pomp           9.286473e-06  0.2881347 0.574 0.405  1.037670e-01
Mpc2           9.302966e-06  0.3442195 0.271 0.142  1.039513e-01
Unc45b         1.079541e-05 -0.4989036 0.143 0.274  1.206279e-01
Xbp1           1.155041e-05 -0.3885976 0.335 0.447  1.290643e-01
Robo4          1.200658e-05 -0.3667082 0.367 0.485  1.341616e-01
Tnfaip1        1.298122e-05 -0.4615587 0.199 0.329  1.450522e-01
Canx           1.299826e-05  0.3047901 0.506 0.339  1.452425e-01
Tmed10         1.347602e-05 -0.3161076 0.438 0.539  1.505810e-01
Pttg1          1.423227e-05 -0.4077461 0.259 0.390  1.590314e-01
Ogt            1.509141e-05  0.3420697 0.343 0.203  1.686314e-01
Polr2i         1.513886e-05  0.3374813 0.323 0.184  1.691616e-01
Naa20          1.582519e-05  0.3019079 0.307 0.167  1.768307e-01
Set            1.709661e-05  0.2932537 0.371 0.223  1.910376e-01
Rnf13          1.765368e-05  0.3311429 0.267 0.141  1.972622e-01
Rnaset2a       1.812002e-05 -0.4350850 0.227 0.351  2.024732e-01
Tspo           1.959563e-05 -0.3165885 0.426 0.508  2.189616e-01
Thra           2.112843e-05  0.3785346 0.275 0.155  2.360890e-01
Ube2d3         2.404722e-05 -0.2740228 0.518 0.602  2.687036e-01
Cuedc2         2.449571e-05  0.2932962 0.275 0.149  2.737151e-01
Psmb10         2.634629e-05  0.2747028 0.542 0.393  2.943934e-01
Cflar          2.736186e-05  0.3625494 0.319 0.188  3.057414e-01
Pnrc1          2.805319e-05 -0.3739501 0.291 0.418  3.134664e-01
Hmgn1          2.917558e-05  0.3291129 0.283 0.158  3.260080e-01
Camk1          3.001645e-05 -0.4594640 0.151 0.274  3.354038e-01
Rap1b          3.017484e-05 -0.3574733 0.331 0.436  3.371737e-01
Uqcc2          3.302233e-05  0.2852558 0.482 0.326  3.689915e-01
St3gal6        3.486005e-05 -0.3955909 0.259 0.385  3.895262e-01
Gbp2           3.565387e-05  0.3061940 0.430 0.275  3.983964e-01
BC005537       4.068908e-05  0.2871860 0.307 0.177  4.546598e-01
Tmem204        4.139325e-05 -0.4063104 0.259 0.372  4.625282e-01
Cstb           4.140046e-05  0.2735241 0.283 0.158  4.626088e-01
Gimap5         4.142672e-05 -0.4258979 0.251 0.373  4.629022e-01
Mcl1           4.154372e-05 -0.4457848 0.219 0.336  4.642095e-01
1700025G04Rik  4.345881e-05  0.2913688 0.259 0.138  4.856087e-01
Trib1          4.346603e-05  0.3014669 0.263 0.142  4.856894e-01
Fkbp2          4.561421e-05  0.3030323 0.263 0.144  5.096932e-01
Mat2a          4.634086e-05  0.2557723 0.538 0.367  5.178127e-01
Fli1           4.689592e-05 -0.4158688 0.195 0.324  5.240150e-01
Atf4           4.725592e-05 -0.4044818 0.231 0.358  5.280377e-01
Cltb           4.867271e-05 -0.3692959 0.315 0.419  5.438689e-01
Sumo3          4.971301e-05  0.2804747 0.434 0.275  5.554932e-01
Plod1          5.005496e-05  0.3270293 0.339 0.209  5.593141e-01
Wars           5.352599e-05 -0.4234709 0.211 0.339  5.980994e-01
Ssr1           5.451355e-05  0.3258312 0.279 0.158  6.091344e-01
H2-T22         6.431559e-05  0.2621630 0.486 0.337  7.186624e-01
Timm10b        6.548376e-05 -0.4767544 0.151 0.261  7.317156e-01
Ivns1abp       6.681095e-05 -0.4961689 0.175 0.285  7.465455e-01
Pkn2           6.821185e-05  0.3138442 0.323 0.196  7.621992e-01
Klf7           6.962754e-05 -0.3191803 0.402 0.519  7.780182e-01
2900026A02Rik  7.003183e-05  0.3169630 0.295 0.174  7.825356e-01
Ccnl2          7.171127e-05 -0.3282136 0.259 0.393  8.013018e-01
Copb1          7.246291e-05  0.2871870 0.255 0.138  8.097006e-01
Plec           7.912700e-05  0.2675006 0.347 0.212  8.841651e-01
Krtcap2        8.515150e-05 -0.2997697 0.430 0.524  9.514829e-01
Gm12216        8.760263e-05  0.2839443 0.279 0.159  9.788718e-01
Ccnt2          9.661871e-05  0.2847742 0.255 0.138  1.000000e+00
Ehd2           9.681956e-05 -0.2901527 0.458 0.535  1.000000e+00
Map7d1         9.990100e-05 -0.3965773 0.195 0.314  1.000000e+00
Hpcal1         1.110937e-04 -0.4227542 0.211 0.318  1.000000e+00
Tmem147        1.179591e-04  0.2607205 0.299 0.172  1.000000e+00
Cox14          1.188532e-04  0.2830019 0.386 0.250  1.000000e+00
Nckap1         1.313136e-04  0.3062562 0.259 0.147  1.000000e+00
She            1.336498e-04  0.2770471 0.331 0.202  1.000000e+00
Mbnl2          1.497720e-04 -0.3431846 0.323 0.423  1.000000e+00
Slc38a2        1.510184e-04  0.2692064 0.367 0.237  1.000000e+00
Fgd5           1.639274e-04 -0.3806382 0.235 0.347  1.000000e+00
Slc50a1        1.787822e-04 -0.4222371 0.211 0.310  1.000000e+00
Mapk3          1.890182e-04 -0.2680412 0.375 0.488  1.000000e+00
Caprin1        2.008965e-04  0.2513113 0.267 0.154  1.000000e+00
Dnajc8         2.030572e-04 -0.3496375 0.339 0.423  1.000000e+00
Tubb2a         2.185550e-04 -0.4012157 0.239 0.337  1.000000e+00
Ets1           2.203009e-04 -0.3007175 0.390 0.484  1.000000e+00
Mef2a          2.359374e-04 -0.3778593 0.211 0.320  1.000000e+00
Ifi35          2.530949e-04 -0.3164777 0.378 0.463  1.000000e+00
N4bp3          2.566731e-04  0.2653306 0.327 0.202  1.000000e+00
Parp14         2.613620e-04  0.2756635 0.311 0.189  1.000000e+00
Lsm4           2.930311e-04  0.2748099 0.263 0.154  1.000000e+00
Higd2a         2.952212e-04 -0.3484878 0.283 0.382  1.000000e+00
Ypel3          2.982258e-04 -0.3185002 0.315 0.416  1.000000e+00
2010111I01Rik  3.062885e-04  0.3110088 0.275 0.172  1.000000e+00
Ccnl1          3.078615e-04 -0.3641215 0.219 0.326  1.000000e+00
Ppp1r16b       3.374931e-04 -0.3873902 0.183 0.289  1.000000e+00
Hes1           3.410694e-04 -0.2932919 0.426 0.520  1.000000e+00
Triobp         3.893637e-04  0.2720982 0.347 0.225  1.000000e+00
Hprt           3.900470e-04 -0.3393254 0.215 0.311  1.000000e+00
Pdcd6ip        3.927838e-04  0.2718549 0.279 0.172  1.000000e+00
Mrpl14         4.076563e-04  0.2871275 0.283 0.178  1.000000e+00
4931406P16Rik  4.083837e-04 -0.2995428 0.378 0.474  1.000000e+00
Ddx6           4.130006e-04  0.3052803 0.271 0.170  1.000000e+00
Isg15          4.405327e-04  0.2830111 0.426 0.295  1.000000e+00
Wasf2          4.735990e-04 -0.2776589 0.386 0.479  1.000000e+00
Kctd10         4.863376e-04 -0.3780563 0.187 0.289  1.000000e+00
Txn2           4.942215e-04  0.2849775 0.331 0.221  1.000000e+00
Klf3           5.363037e-04 -0.3550467 0.251 0.351  1.000000e+00
Chd4           5.487815e-04  0.3307612 0.271 0.170  1.000000e+00
Tsc22d3        6.653098e-04 -0.3322143 0.267 0.362  1.000000e+00
Sec11a         8.264572e-04  0.2532016 0.323 0.213  1.000000e+00
Cct3           8.615303e-04  0.2613845 0.367 0.246  1.000000e+00
Bmpr2          1.035823e-03 -0.3854420 0.223 0.317  1.000000e+00
Fzd4           1.140053e-03 -0.3413103 0.155 0.254  1.000000e+00
Tram1          1.158697e-03  0.2530336 0.347 0.235  1.000000e+00
Ppp1cb         1.205161e-03 -0.3222239 0.179 0.278  1.000000e+00
Sp100          1.318270e-03 -0.2875010 0.267 0.367  1.000000e+00
Slc31a2        1.476030e-03  0.2653823 0.255 0.160  1.000000e+00
Snrpd3         1.514885e-03  0.2948831 0.307 0.210  1.000000e+00
Rgs3           1.592737e-03 -0.3452302 0.211 0.303  1.000000e+00
M6pr           1.705896e-03  0.3039111 0.251 0.163  1.000000e+00
Smim14         1.730851e-03 -0.3098696 0.243 0.336  1.000000e+00
Adipor1        1.737381e-03 -0.3197798 0.295 0.373  1.000000e+00
Tmod3          1.877863e-03 -0.3273468 0.207 0.299  1.000000e+00
Eno1           1.895738e-03 -0.3740440 0.207 0.284  1.000000e+00
Cltc           2.175842e-03  0.2539339 0.335 0.239  1.000000e+00
Rbpms          2.805319e-03 -0.2832398 0.291 0.369  1.000000e+00
Akap12         3.011754e-03  0.2644224 0.291 0.199  1.000000e+00
Hdac7          3.075228e-03 -0.3044930 0.295 0.379  1.000000e+00
Litaf          3.141415e-03 -0.3374320 0.179 0.259  1.000000e+00
Tnfrsf1a       3.235605e-03 -0.2870960 0.231 0.317  1.000000e+00
Acly           3.357425e-03 -0.2689316 0.259 0.349  1.000000e+00
Cd300lg        3.480739e-03 -0.2728623 0.351 0.423  1.000000e+00
Syf2           3.613583e-03 -0.2589105 0.311 0.389  1.000000e+00
Cds2           3.811432e-03 -0.2986333 0.175 0.264  1.000000e+00
Rap1a          3.845537e-03 -0.2645005 0.343 0.408  1.000000e+00
Prkch          4.143241e-03 -0.3486839 0.191 0.266  1.000000e+00
Stat3          4.300934e-03 -0.2752310 0.243 0.331  1.000000e+00
Rnf187         5.027006e-03 -0.3105491 0.259 0.326  1.000000e+00
Plpp1          5.307587e-03 -0.2647117 0.367 0.418  1.000000e+00
Gemin7         5.467434e-03 -0.3138844 0.187 0.263  1.000000e+00
Klf10          6.377927e-03 -0.2868408 0.223 0.303  1.000000e+00
Fermt2         6.408518e-03 -0.2736478 0.323 0.385  1.000000e+00
Sntb2          6.466138e-03  0.2513352 0.259 0.177  1.000000e+00
Pcmtd1         6.880449e-03 -0.2985295 0.239 0.311  1.000000e+00
Hip1           7.780328e-03 -0.2898373 0.179 0.257  1.000000e+00
Emp1           7.960724e-03 -0.3251844 0.243 0.311  1.000000e+00
Hey1           8.377471e-03 -0.3397198 0.187 0.252  1.000000e+00
Ncor1          8.409726e-03 -0.2952605 0.259 0.318  1.000000e+00
Sod1           9.072915e-03 -0.2523536 0.295 0.368  1.000000e+00
Picalm         9.266153e-03 -0.2582666 0.195 0.277  1.000000e+00
Fkbp3          9.322563e-03 -0.3157051 0.187 0.254  1.000000e+00
Taldo1         9.422723e-03 -0.2851454 0.283 0.335  1.000000e+00
Fez2           1.151051e-02 -0.2756468 0.239 0.306  1.000000e+00
Lamb1          1.264919e-02 -0.3167224 0.207 0.270  1.000000e+00
Cbx1           1.270870e-02 -0.2600104 0.211 0.286  1.000000e+00
Actr3          1.388961e-02 -0.2910455 0.243 0.299  1.000000e+00
Atp1b3         1.398653e-02 -0.2990143 0.235 0.300  1.000000e+00
Lysmd2         1.606935e-02 -0.2661747 0.247 0.306  1.000000e+00
Arhgef1        1.722486e-02 -0.2658664 0.219 0.285  1.000000e+00
H2afy          1.821755e-02 -0.3218607 0.195 0.253  1.000000e+00
Polr2e         2.571257e-02 -0.2688341 0.227 0.284  1.000000e+00
Lmcd1          2.933432e-02 -0.2593265 0.251 0.297  1.000000e+00
Ppic           3.831640e-02 -0.2502324 0.251 0.297  1.000000e+00
Plxnd1         6.868840e-02 -0.2592102 0.219 0.263  1.000000e+00
Ccdc85b        7.645380e-02 -0.2620784 0.247 0.277  1.000000e+00
